2048 6127
0 152 3
0 601 5
0 602 2
0 603 6
0 629 2
0 630 4
0 632 4
1 8 10
1 38 7
1 150 4
1 587 6
1 604 2
2 858 9
2 859 7
2 861 3
2 862 3
2 863 8
2 865 7
3 244 5
3 937 7
3 938 3
3 942 3
3 949 2
4 335 6
4 367 3
4 1344 8
4 1345 8
4 1346 5
4 1470 8
5 419 6
5 420 3
5 1664 6
5 1667 3
5 1668 9
5 1669 5
5 1670 2
6 106 5
6 1696 3
6 1698 4
6 1701 10
6 1702 8
6 2012 4
7 161 6
7 1893 6
7 1898 10
7 1908 8
7 1911 7
8 38 3
8 597 6
8 603 3
8 604 10
9 467 9
9 468 9
9 1883 9
9 1884 4
9 1891 5
9 1900 9
9 1901 4
10 468 8
10 474 8
10 475 5
10 1883 8
11 671 4
11 732 7
11 733 4
11 734 7
11 735 4
11 1823 5
12 170 9
12 677 4
12 678 6
12 679 9
12 680 5
12 681 3
12 684 10
13 136 8
13 215 8
13 544 7
13 546 8
14 50 7
14 178 3
14 208 2
14 704 5
14 705 8
14 708 5
14 709 2
15 1172 6
15 1176 8
15 1177 2
15 1205 3
15 1207 9
16 278 2
16 279 2
16 1125 6
16 1126 3
17 82 6
17 330 9
17 331 6
17 1322 3
17 1327 10
17 1328 8
17 1332 10
17 1359 8
17 1360 10
18 188 5
18 190 4
18 194 7
18 743 5
18 744 3
18 751 9
18 752 10
19 185 6
19 1816 2
19 1817 9
19 1820 6
19 1821 3
20 91 9
20 334 10
20 1340 9
20 1346 3
20 1348 3
21 23 9
21 388 9
21 1487 2
21 1520 7
21 1550 5
21 1551 8
21 1552 8
21 1553 2
22 94 6
22 1488 8
22 1515 5
22 1517 3
22 1518 4
22 1519 2
23 380 9
23 1520 4
23 1521 6
23 1550 10
24 1570 7
24 1571 5
24 1588 10
25 2011 8
25 2017 9
25 2019 5
25 2020 2
25 2021 5
26 124 6
26 504 4
26 505 5
26 2019 8
26 2023 2
26 2024 5
26 2029 10
26 2031 4
27 1967 2
27 1993 4
27 1994 10
27 1995 7
27 2005 8
27 2006 7
28 1979 2
28 1985 6
28 1986 9
28 1987 8
28 1988 8
28 1989 9
28 1996 6
28 1997 8
28 1998 5
29 2036 6
29 2037 4
29 2038 6
29 2041 8
29 2043 8
30 124 7
30 2030 3
30 2033 2
30 2035 7
31 125 5
31 126 4
31 127 6
31 2026 8
31 2027 8
31 2035 2
31 2044 6
32 129 7
32 131 8
32 524 10
32 531 9
32 532 9
32 533 2
33 527 2
33 528 2
33 555 6
33 559 6
33 592 9
34 535 8
34 536 6
34 537 9
34 538 4
34 541 6
35 36 5
35 137 6
35 547 5
35 548 6
35 549 7
35 552 9
35 554 4
35 565 4
36 137 5
36 553 10
36 563 3
36 565 2
37 146 7
37 581 2
37 582 3
37 584 2
37 586 8
37 589 2
38 150 4
38 603 3
38 606 8
38 607 4
38 613 9
39 172 5
39 174 6
39 683 2
39 690 9
39 691 3
39 693 8
39 699 8
40 666 7
40 669 3
40 670 8
40 1887 8
40 1888 10
40 1890 9
41 168 6
41 169 4
41 668 2
41 669 8
41 675 3
41 676 6
42 672 4
42 673 3
42 674 9
42 675 6
42 728 10
43 140 3
43 143 3
43 209 3
43 697 3
43 698 10
43 701 6
43 702 5
43 703 2
44 177 9
44 208 5
44 702 7
44 703 8
44 704 3
44 830 8
44 831 3
44 832 2
45 179 7
45 182 7
45 207 9
45 705 9
45 710 3
45 716 10
46 472 2
46 473 8
46 670 3
46 1824 8
47 190 2
47 454 7
47 1797 2
47 1798 2
47 1799 3
48 184 2
48 741 8
48 745 4
48 747 8
49 184 7
49 187 9
49 722 10
49 747 9
49 748 5
49 749 10
49 750 7
49 751 6
50 704 8
50 709 9
50 830 7
50 835 2
51 210 2
51 831 3
51 832 7
51 833 8
52 573 4
52 574 4
52 838 10
52 839 4
53 219 9
53 220 10
53 842 10
53 843 8
53 847 4
53 848 2
53 850 10
53 853 4
54 219 7
54 220 8
54 850 2
54 860 6
54 868 3
54 878 10
55 218 2
55 873 5
55 874 9
55 875 7
55 876 4
55 877 10
55 879 9
56 227 6
56 228 4
56 229 7
56 911 4
56 941 4
56 943 8
57 945 8
57 946 3
57 962 9
57 963 2
57 966 5
57 971 6
57 972 5
57 973 10
57 974 2
58 233 3
58 1223 2
58 1239 4
58 1240 5
58 1242 3
58 1243 3
59 959 2
59 1087 5
59 1088 3
59 1089 8
59 1216 4
60 250 8
60 1001 9
60 1002 9
60 1074 10
60 1076 8
60 1077 7
60 1078 7
60 1079 5
60 1081 10
61 252 9
61 253 10
61 993 8
61 1011 3
61 1012 6
61 1013 6
61 1014 10
61 1015 8
62 251 4
62 259 8
62 1008 8
62 1009 2
62 1017 7
62 1018 10
63 1028 10
63 1032 4
63 1033 6
63 1036 2
63 1046 9
64 261 10
64 262 10
64 1049 4
64 1051 2
64 1052 5
64 1053 4
65 260 10
65 265 8
65 1055 6
65 1118 3
65 1123 9
66 1115 3
66 1116 2
66 1117 8
66 1121 5
66 1122 5
66 1123 7
66 1132 2
67 268 2
67 1042 8
67 1061 5
67 1064 7
67 1069 5
67 1070 5
68 302 4
68 303 10
68 304 10
68 1094 2
68 1096 8
68 1208 6
69 275 10
69 278 6
69 1128 10
69 1131 2
69 1134 7
69 1135 4
70 72 7
70 275 10
70 1130 4
70 1141 3
71 285 4
71 286 7
71 1146 7
71 1150 6
72 275 3
72 283 8
72 1127 3
72 1129 7
72 1141 10
72 1147 2
73 295 4
73 1162 6
73 1179 4
73 1182 3
74 1192 4
74 1193 10
74 1194 5
74 1270 5
74 1272 3
75 76 7
75 300 10
75 307 10
75 1175 9
75 1201 3
75 1206 5
75 1207 4
75 1210 4
76 1200 7
76 1201 6
76 1210 6
76 1230 2
77 198 2
77 789 4
77 792 4
77 793 7
78 778 10
78 797 7
78 798 4
78 1251 7
78 1254 4
78 1255 7
79 199 2
79 719 7
79 784 7
79 786 5
79 787 3
80 325 7
80 448 7
80 1282 9
80 1283 9
80 1292 5
80 1300 10
81 323 3
81 331 2
81 340 7
81 1289 4
81 1361 9
81 1366 4
82 1320 8
82 1321 5
82 1322 3
82 1323 6
82 1332 2
82 1333 8
83 1335 2
83 1337 3
83 1338 5
83 1342 9
83 1606 10
84 333 8
84 1329 3
84 1330 10
84 1331 2
84 1339 8
85 342 2
85 1364 6
85 1371 3
85 1372 2
86 345 3
86 346 9
86 365 5
86 1385 8
86 1388 2
86 1396 4
87 353 7
87 1417 5
87 1421 5
87 1423 9
87 1424 6
88 1126 6
88 1409 4
88 1414 8
88 1415 3
88 1432 3
88 1434 3
88 1438 3
88 1505 10
89 90 7
89 357 3
89 358 7
89 361 9
89 1424 10
89 1426 8
89 1444 3
89 1454 3
90 357 5
90 1391 5
90 1422 7
90 1423 4
90 1424 8
90 1455 3
91 1337 8
91 1340 6
91 1341 10
91 1348 2
92 99 10
92 1478 8
92 1599 10
92 1602 6
93 1481 4
93 1484 8
93 1485 8
93 1486 3
93 1489 9
93 1553 6
94 1487 10
94 1488 2
94 1489 7
94 1490 5
94 1518 9
95 381 5
95 382 3
95 1511 2
95 1512 6
95 1523 3
95 1526 7
95 1528 9
96 1546 7
96 1547 8
96 1548 4
96 1564 10
96 1565 9
97 391 5
97 392 10
97 1556 2
97 1557 2
97 1562 8
97 1563 8
98 403 8
98 404 9
98 1583 3
98 1617 9
98 1647 4
99 1478 7
99 1597 6
99 1598 7
99 1602 9
99 1603 4
100 401 10
100 402 8
100 405 9
100 406 4
100 1623 8
100 1624 10
100 1627 8
101 409 8
101 410 8
101 1638 6
101 1639 10
101 1640 2
101 1641 3
102 410 9
102 411 3
102 1643 10
102 1644 10
102 1645 8
102 1647 8
102 1651 6
102 1659 5
103 416 7
103 421 4
103 1642 6
103 1661 3
103 1662 7
103 1663 5
104 438 7
104 1673 5
104 1674 5
104 1745 10
104 1749 10
104 1750 7
104 1752 4
105 424 8
105 1687 10
105 1688 8
105 1693 4
106 1695 3
106 1696 10
106 1697 6
106 1698 4
106 1699 6
107 108 4
107 495 10
107 1725 4
107 1984 10
107 1985 6
107 1986 10
108 495 2
108 1727 2
108 1856 6
108 1861 3
108 1984 4
109 436 5
109 1739 4
109 1740 3
109 1745 8
109 1746 8
109 1749 4
110 112 6
110 1841 9
110 1842 5
110 1843 7
111 446 10
111 1304 5
111 1308 3
111 1309 10
111 1311 5
111 1761 8
111 1781 9
112 459 6
112 461 9
112 1769 2
112 1774 8
112 1840 8
112 1841 3
112 1842 6
113 469 2
113 470 7
113 471 5
113 473 8
113 1830 4
113 1880 4
113 1881 3
114 1830 5
114 1831 2
114 1832 2
114 1833 7
114 1834 2
114 1836 2
114 1837 5
114 1853 4
115 464 2
115 1860 7
115 1861 5
115 1862 9
115 1867 10
116 1859 3
116 1867 8
116 1873 7
116 1876 8
116 1877 9
116 1879 9
117 483 5
117 1868 10
117 1870 8
117 1871 9
117 1938 2
118 1904 10
118 1905 6
118 1907 6
118 1909 3
119 479 3
119 1908 4
119 1916 10
119 1924 10
119 1925 6
119 1926 10
120 1940 2
120 1941 4
120 1947 10
120 1948 8
120 1949 2
121 1930 9
121 1948 8
121 1949 4
121 1950 9
121 1951 5
121 1956 9
121 1957 3
121 2040 4
122 507 2
122 1960 10
122 1961 8
122 1962 10
122 1963 5
122 1966 2
122 2039 2
123 486 8
123 489 5
123 1944 9
123 1945 4
123 1953 5
123 1954 5
124 2028 8
124 2029 9
124 2030 8
124 2031 2
124 2035 10
125 126 9
125 2024 4
125 2025 8
125 2027 4
125 2028 2
125 2035 3
126 511 10
126 2023 4
126 2024 10
126 2026 3
126 2045 8
127 510 2
127 2026 9
127 2042 8
127 2044 8
127 2045 8
128 129 10
128 130 7
128 132 6
128 516 5
128 518 6
128 519 6
128 533 2
129 130 9
129 524 6
129 533 2
130 519 6
130 521 10
130 522 2
130 523 4
130 524 7
131 522 3
131 524 8
131 525 7
131 529 6
131 532 8
132 133 6
132 514 2
132 515 9
132 516 2
132 533 6
133 514 5
133 533 3
133 534 3
133 535 6
134 138 10
134 139 2
134 530 3
134 531 5
134 534 9
134 535 10
134 536 6
134 557 5
135 136 4
135 541 7
135 543 3
135 544 2
136 215 6
136 535 2
136 541 4
136 544 2
136 863 9
136 866 10
137 552 5
137 553 5
138 536 9
138 538 4
138 539 3
138 549 10
138 556 3
138 557 6
139 531 4
139 533 7
139 534 3
140 143 5
140 579 4
140 582 5
140 583 4
140 584 3
140 696 8
140 697 7
141 561 10
141 563 10
141 571 9
141 580 6
142 143 5
142 577 9
142 578 5
142 579 9
142 580 7
142 581 8
142 583 3
143 209 5
143 578 4
143 579 9
144 145 3
144 584 6
144 585 3
144 696 10
145 585 8
145 695 3
145 696 6
146 586 2
146 587 4
146 588 6
146 589 7
146 595 8
146 604 5
147 148 5
147 590 5
147 591 3
147 592 3
147 593 8
147 594 5
148 526 8
148 527 2
148 592 2
148 593 9
148 594 7
149 596 7
149 597 8
149 598 7
149 600 6
149 601 2
149 603 6
150 151 7
150 587 7
150 588 6
150 605 6
150 613 7
151 586 9
151 588 4
151 605 10
151 614 9
151 615 3
151 616 10
151 695 4
152 602 9
152 606 2
152 608 4
152 609 2
152 612 4
152 613 9
152 629 6
153 605 5
153 612 8
153 613 8
153 614 6
153 615 8
153 619 3
154 157 9
154 609 2
154 611 10
154 618 7
154 619 9
155 156 8
155 173 2
155 617 7
155 622 4
155 623 4
155 653 8
155 688 4
155 689 3
156 622 5
156 623 4
157 609 7
157 610 2
157 611 4
157 621 10
157 628 2
158 159 10
158 630 10
158 631 10
158 632 7
159 160 6
159 631 9
159 632 10
159 634 10
160 632 5
160 633 4
160 634 4
160 636 2
161 1893 7
161 1896 3
161 1897 5
161 1911 10
161 1912 7
161 1914 7
162 1910 4
162 1911 2
162 1913 10
162 1914 9
162 1915 5
163 635 9
163 636 8
163 637 8
163 638 5
163 639 2
163 643 5
163 644 2
163 646 10
164 687 4
164 688 5
164 689 4
164 691 2
165 653 2
165 655 10
165 656 3
165 657 5
165 686 9
165 687 6
165 688 8
166 654 9
166 656 7
166 657 7
166 659 8
166 660 8
166 661 6
166 662 2
167 660 8
167 663 8
167 665 9
167 666 5
167 667 7
167 676 2
168 169 7
168 675 8
168 678 10
168 679 9
169 659 7
169 661 7
169 676 7
169 677 9
169 678 8
169 685 3
170 181 3
170 680 7
170 681 8
170 682 8
171 175 10
171 681 9
171 684 6
171 692 4
171 699 8
172 683 10
172 692 5
172 699 7
173 616 7
173 617 7
173 689 6
173 690 10
173 693 8
173 694 3
174 690 5
174 693 9
174 694 5
175 681 4
175 682 8
175 698 4
175 699 7
175 700 5
175 701 8
176 177 7
176 180 8
176 682 7
176 700 4
176 706 8
177 208 6
177 700 4
177 701 3
177 702 3
177 706 2
178 208 7
178 705 4
178 706 10
179 197 8
179 710 8
179 715 7
179 716 7
179 717 6
180 181 8
180 680 8
180 682 6
180 706 8
180 725 6
181 680 2
181 682 3
182 183 10
182 705 2
182 706 10
182 716 8
182 725 4
182 726 9
183 716 3
183 723 7
183 724 5
183 726 3
184 740 7
184 741 10
184 742 10
184 747 9
184 748 9
185 186 3
185 190 7
185 742 7
185 1800 4
185 1816 6
185 1821 10
186 190 6
186 741 9
186 742 4
186 744 7
186 745 4
187 720 9
187 721 8
187 722 4
187 724 7
187 750 2
188 194 8
188 752 4
188 753 10
188 756 4
188 783 6
188 784 2
189 743 5
189 752 5
189 757 8
189 758 9
190 743 8
190 744 3
190 758 10
190 1798 10
190 1799 7
190 1800 6
191 192 6
191 1789 3
191 1790 8
191 1791 9
191 1795 5
192 761 9
192 1788 8
192 1791 5
192 1794 10
192 1795 8
193 753 6
193 754 9
193 755 10
193 756 6
193 757 2
193 763 4
193 782 7
194 195 10
194 751 10
194 784 10
195 196 2
195 719 4
195 751 3
195 784 5
196 718 10
196 719 9
196 720 6
196 750 9
196 751 2
197 713 6
197 714 2
197 715 9
197 717 10
197 718 4
197 785 9
198 713 8
198 788 2
198 789 5
198 793 4
198 794 5
198 796 5
199 777 6
199 779 9
199 780 4
199 782 9
199 784 8
199 787 7
200 201 10
200 203 4
200 205 9
200 710 3
200 711 10
200 791 8
200 792 9
200 822 10
201 202 9
201 203 4
201 820 10
201 821 3
201 822 5
201 823 10
202 802 9
202 803 4
202 804 7
202 820 5
202 821 5
203 204 3
203 205 7
203 819 9
203 823 7
203 826 8
204 205 5
204 824 10
204 825 3
204 826 7
205 211 7
205 707 10
205 710 3
205 824 5
206 207 8
206 211 3
206 707 4
206 708 9
206 709 4
206 829 7
206 835 6
207 705 6
207 707 4
207 708 2
207 710 5
208 704 8
208 706 6
209 576 9
209 578 3
209 703 4
209 832 8
210 214 4
210 575 3
210 576 8
210 832 4
210 833 8
210 834 3
211 707 2
211 824 5
211 825 6
211 829 10
212 827 9
212 829 6
212 834 7
212 835 7
212 836 3
213 216 9
213 567 8
213 568 8
213 570 6
213 841 4
214 572 6
214 573 9
214 575 5
214 577 9
214 834 3
214 838 4
215 546 8
215 863 5
216 551 7
216 567 6
216 841 3
216 855 10
216 856 3
217 860 6
217 863 4
217 864 5
217 865 8
217 867 8
217 868 6
217 870 8
218 869 4
218 877 8
218 878 5
218 879 6
219 223 2
219 815 5
219 847 4
219 850 7
219 878 2
219 879 4
219 880 2
220 848 7
220 849 2
220 850 2
220 851 7
220 860 2
221 222 2
221 803 7
221 812 7
221 813 7
221 817 4
221 820 4
222 813 2
222 814 8
222 815 4
222 817 4
222 881 10
223 879 6
223 880 8
223 881 6
223 882 4
224 899 5
224 900 2
224 915 4
224 916 6
225 900 10
225 906 2
225 907 7
225 916 10
226 245 10
226 246 10
226 904 9
226 905 10
226 910 4
226 978 2
226 983 8
227 938 9
227 940 4
227 941 8
227 942 8
227 943 5
228 229 6
228 908 4
228 911 2
228 913 5
228 914 10
229 914 3
229 915 3
229 919 7
229 941 7
230 231 10
230 807 5
230 808 4
230 810 8
230 927 7
230 928 4
231 805 5
231 806 7
231 810 6
231 813 2
231 928 4
232 800 10
232 801 5
232 802 3
232 804 5
232 805 2
232 1247 7
233 234 3
233 238 7
233 951 7
233 952 5
233 1223 3
233 1240 2
234 933 7
234 935 9
234 936 7
234 951 6
234 1240 5
234 1241 5
235 927 2
235 928 10
235 930 8
235 932 8
235 939 4
236 237 5
236 954 8
236 955 5
236 956 7
237 950 9
237 951 9
237 952 4
237 953 5
237 954 3
237 955 6
238 952 7
238 953 10
238 1221 10
238 1223 4
239 240 4
239 1218 8
239 1219 8
239 1220 7
239 1221 4
240 241 10
240 1217 6
240 1218 6
240 1221 7
240 1222 8
241 957 5
241 958 10
241 1216 4
241 1217 7
241 1218 2
242 970 4
242 971 7
242 972 8
242 979 4
242 980 8
242 988 6
243 944 5
243 946 4
243 974 10
243 975 3
243 976 5
244 942 4
244 944 7
244 949 10
244 950 4
245 246 7
245 976 4
245 977 2
245 978 8
245 982 3
246 982 8
246 983 9
246 984 8
247 983 2
247 984 4
247 985 8
247 986 2
247 992 5
248 970 2
248 989 4
248 993 2
248 997 5
249 966 3
249 967 6
249 968 6
249 999 2
250 967 8
250 1000 4
250 1002 8
250 1079 10
251 259 9
251 1007 2
251 1008 6
251 1037 9
252 253 10
252 993 5
252 995 5
252 996 8
252 1004 7
252 1008 4
252 1009 4
252 1011 5
252 1012 4
253 1012 8
254 1010 8
254 1015 6
254 1016 6
254 1017 3
254 1018 5
254 1021 2
255 1019 10
255 1020 7
255 1021 10
255 1022 5
255 1027 8
256 257 6
256 1023 5
256 1024 9
256 1025 10
256 1030 4
256 1505 2
257 1022 4
257 1023 10
257 1025 5
257 1027 5
258 1034 7
258 1043 2
258 1046 6
258 1047 4
258 1050 3
258 1051 8
259 1017 2
259 1019 10
259 1035 10
259 1036 2
259 1037 5
259 1039 4
260 265 9
260 1052 5
260 1055 2
260 1056 6
260 1057 3
261 1049 8
261 1050 6
261 1051 10
262 1048 10
262 1049 4
262 1053 6
262 1054 4
262 1120 6
263 264 2
263 1120 2
263 1124 2
263 1125 5
263 1126 10
264 1119 10
264 1120 2
264 1121 7
264 1124 2
265 1057 5
265 1118 10
266 267 10
266 1059 8
266 1062 8
266 1063 3
267 1062 3
267 1063 7
267 1064 6
267 1069 5
267 1111 10
268 1042 9
268 1070 7
268 1071 7
269 270 2
269 1076 7
269 1080 10
269 1081 7
269 1082 5
269 1083 10
270 271 8
270 1066 7
270 1067 7
270 1076 9
270 1083 6
270 1084 6
270 1086 4
271 1066 10
271 1085 5
271 1086 6
272 1101 7
272 1102 5
272 1166 3
272 1167 8
272 1169 8
272 1170 6
272 1171 7
273 274 6
273 1097 5
273 1164 9
273 1171 4
273 1174 4
274 1163 8
274 1164 4
274 1173 8
274 1174 4
274 1177 3
275 1128 6
275 1129 10
275 1130 8
275 1135 7
276 1100 7
276 1101 2
276 1104 10
276 1105 6
276 1106 4
277 1065 4
277 1105 3
277 1106 2
277 1110 8
277 1112 9
277 1114 4
277 1131 6
277 1133 10
277 1134 7
278 279 10
278 1125 9
278 1127 7
278 1128 6
278 1131 9
279 282 7
279 1126 7
279 1127 2
280 282 5
280 1126 8
280 1143 7
280 1144 7
280 1145 2
280 1146 2
280 1151 3
280 1409 4
281 283 5
281 285 2
281 1142 4
281 1143 3
281 1145 8
282 1126 5
282 1127 9
282 1142 2
282 1143 7
282 1144 4
283 284 7
283 285 3
283 1127 5
283 1142 2
283 1147 7
284 285 2
284 1136 5
284 1139 9
284 1140 3
284 1147 4
284 1156 9
284 1157 3
285 286 4
285 1145 6
285 1146 10
285 1156 5
286 287 5
286 1150 10
286 1156 5
287 288 4
287 1149 8
287 1150 4
287 1156 5
288 289 9
288 1148 6
288 1149 2
288 1156 3
288 1157 10
289 292 4
289 1148 10
289 1154 4
289 1155 10
289 1157 9
289 1400 6
290 291 3
290 349 8
290 1159 5
290 1379 6
290 1387 5
290 1397 8
290 1399 6
291 292 6
291 294 5
291 1161 7
291 1379 2
291 1399 8
292 293 2
292 294 10
292 1137 9
292 1138 5
292 1157 10
292 1158 4
292 1159 3
292 1399 4
292 1400 10
293 294 9
293 1138 7
293 1160 4
293 1165 9
294 1160 8
294 1161 10
294 1162 5
294 1164 3
294 1180 8
295 297 7
295 1161 8
295 1162 7
295 1181 6
295 1182 9
296 301 3
296 1172 6
296 1178 5
296 1179 9
296 1180 6
296 1182 8
296 1183 4
296 1205 10
297 1181 4
297 1182 7
297 1183 6
297 1374 2
297 1376 10
297 1377 9
298 341 5
298 342 2
298 1190 7
298 1369 10
298 1370 10
298 1371 3
299 301 4
299 1186 4
299 1188 5
299 1202 9
299 1204 3
299 1205 9
300 307 4
300 1096 4
300 1173 7
300 1175 8
300 1176 10
301 1183 10
301 1184 7
301 1188 3
301 1205 2
302 303 7
302 1095 7
302 1096 3
302 1098 10
302 1099 6
303 304 4
303 1095 10
304 1091 5
304 1093 8
304 1094 8
304 1095 3
305 1094 7
305 1209 6
305 1212 8
305 1213 10
305 1214 6
305 1215 2
306 1211 6
306 1219 5
306 1220 6
306 1224 5
306 1227 4
306 1228 2
306 1229 8
307 1096 10
307 1208 3
307 1209 10
307 1210 7
307 1229 5
308 309 9
308 310 8
308 1233 3
308 1236 9
308 1238 6
308 1252 7
309 310 2
309 312 4
309 1251 2
309 1252 8
310 312 3
310 1238 5
310 1243 10
311 799 5
311 800 10
311 801 6
311 1249 2
312 1243 8
312 1244 7
312 1251 6
313 774 10
313 776 10
313 781 3
313 1256 3
313 1257 8
314 1273 4
314 1274 6
314 1275 6
314 1279 4
314 1280 2
314 1286 6
315 316 6
315 1197 5
315 1198 6
315 1201 5
315 1265 6
316 1193 2
316 1196 10
316 1201 7
316 1202 10
316 1203 9
316 1265 6
317 322 8
317 341 10
317 1190 7
317 1192 8
317 1367 9
317 1368 3
317 1369 6
318 319 2
318 767 3
318 768 4
318 1278 7
318 1279 5
318 1280 5
319 766 4
319 767 4
319 1280 2
319 1281 6
319 1285 3
319 1790 2
320 321 9
320 1283 6
320 1284 8
320 1287 2
320 1290 2
320 1291 10
320 1294 5
321 322 9
321 324 2
321 331 7
321 1287 10
321 1289 8
321 1290 10
322 324 10
322 1192 6
322 1287 8
322 1288 5
322 1367 2
323 340 8
323 1359 3
323 1360 9
323 1361 9
323 1362 10
324 1289 5
324 1367 7
325 326 2
325 1283 8
325 1292 3
325 1294 4
325 1297 9
326 1293 2
326 1294 6
326 1296 5
326 1297 6
327 328 7
327 1307 3
327 1316 10
327 1324 9
327 1325 8
328 1307 8
328 1310 4
328 1315 8
328 1316 6
329 1313 10
329 1316 2
329 1317 10
329 1318 10
329 1625 7
330 331 4
330 1295 3
330 1325 7
330 1326 5
330 1327 7
331 1289 9
331 1290 6
331 1291 3
331 1294 8
331 1295 6
331 1360 8
331 1361 8
332 1328 4
332 1329 8
332 1330 9
332 1332 7
333 334 2
333 1330 6
333 1331 6
333 1347 9
333 1348 4
333 1350 2
333 1357 2
334 337 5
334 1346 8
334 1347 3
334 1348 2
334 1463 5
335 336 5
335 368 10
335 370 4
335 1343 5
335 1344 2
335 1470 9
336 1340 4
336 1343 4
336 1344 2
336 1345 7
337 1346 3
337 1463 6
337 1464 10
337 1466 6
338 346 7
338 1352 10
338 1353 5
338 1354 10
338 1382 2
338 1384 4
338 1386 3
339 340 10
339 1358 8
339 1362 9
339 1363 10
339 1364 6
339 1365 4
339 1366 4
340 1362 8
340 1366 3
341 1365 10
341 1368 6
341 1369 10
341 1371 10
342 343 6
342 1370 8
342 1371 7
342 1372 9
342 1374 10
343 1354 7
343 1355 3
343 1363 7
343 1372 9
343 1373 10
343 1374 9
344 1376 3
344 1377 8
344 1378 8
344 1379 10
344 1380 4
344 1381 8
344 1383 4
344 1384 7
345 346 7
345 1385 10
345 1386 4
346 365 5
346 1351 7
346 1352 10
346 1386 3
346 1463 10
347 348 8
347 365 5
347 366 8
347 1457 2
347 1459 10
348 365 9
348 1388 5
348 1390 7
348 1456 9
348 1457 7
349 350 5
349 1159 7
349 1397 2
349 1398 5
349 1400 2
349 1401 3
349 1402 9
350 355 2
350 1395 7
350 1398 10
350 1402 6
350 1403 10
351 352 5
351 354 3
351 1410 5
351 1411 3
352 1404 5
352 1406 3
352 1407 8
352 1408 3
352 1409 2
352 1410 5
352 1411 6
353 1415 10
353 1416 6
353 1417 6
353 1424 5
353 1432 4
354 1410 8
354 1411 2
354 1412 3
354 1413 8
354 1414 4
354 1418 6
354 1419 9
354 1420 9
355 1394 6
355 1395 5
355 1403 7
355 1418 3
355 1419 3
355 1421 10
355 1422 5
356 361 7
356 1452 9
356 1453 2
356 1454 7
356 1459 2
357 1454 7
357 1455 6
358 1424 9
358 1425 7
358 1426 9
358 1428 10
358 1429 7
359 1427 7
359 1428 9
359 1433 2
359 1434 4
359 1435 9
359 1436 4
360 1436 5
360 1439 3
360 1440 10
360 1441 3
360 1442 7
360 1443 8
360 1501 3
360 1502 5
361 1444 5
361 1445 4
361 1453 10
361 1454 3
362 373 7
362 374 9
362 375 7
362 1448 3
362 1449 10
362 1494 9
363 364 2
363 1445 5
363 1448 8
363 1451 4
363 1453 7
364 367 3
364 1450 9
364 1451 4
364 1452 3
364 1453 6
364 1458 8
364 1459 2
364 1462 7
364 1468 6
365 366 4
365 1388 6
365 1458 4
365 1461 8
365 1462 10
365 1463 4
366 1458 6
366 1459 7
367 1346 9
367 1450 4
367 1468 4
367 1470 6
367 1471 3
368 369 7
368 370 2
368 373 3
368 1469 5
368 1470 2
369 370 10
369 372 2
369 373 5
369 1474 5
370 372 3
370 399 4
370 1343 9
370 1473 9
371 1490 4
371 1491 6
371 1494 3
371 1495 3
371 1498 7
372 389 10
372 1473 6
372 1474 3
372 1475 7
372 1491 7
372 1493 9
373 1449 10
373 1469 9
373 1474 2
373 1491 8
373 1493 5
373 1494 9
374 375 5
374 1494 5
374 1495 3
374 1496 4
375 1446 9
375 1447 9
375 1448 9
375 1496 7
376 379 7
376 1499 10
376 1500 2
376 1501 7
376 1503 10
376 1507 7
377 378 8
377 1503 6
377 1504 6
377 1505 3
377 1506 2
377 1508 6
378 1503 8
378 1506 8
378 1507 7
379 1497 9
379 1499 4
379 1500 7
380 382 4
380 1520 6
380 1521 3
380 1523 2
380 1524 5
381 1512 4
381 1514 10
381 1523 9
381 1525 3
382 1521 3
382 1523 4
382 1526 9
382 1530 2
382 1531 8
383 1526 8
383 1527 4
383 1529 2
383 1530 6
383 1531 5
384 1531 10
384 1532 2
384 1533 7
384 1534 6
384 1536 2
384 1537 7
384 1540 9
385 386 2
385 387 6
385 1541 8
385 1542 4
385 1543 2
386 1541 10
386 1543 10
386 1544 10
386 1545 2
387 1521 8
387 1522 6
387 1541 6
387 1542 2
387 1544 2
387 1549 4
387 1550 3
388 1487 9
388 1488 8
388 1520 5
389 1475 7
389 1476 4
389 1477 8
389 1483 9
389 1491 9
389 1492 7
390 391 9
390 1554 6
390 1557 5
390 1558 8
391 392 10
391 1547 10
391 1554 10
391 1557 7
391 1564 8
392 1563 6
392 1564 7
392 1565 3
393 1556 8
393 1559 8
393 1561 9
393 1570 2
393 1587 3
393 1588 6
393 1589 5
394 1579 2
394 1580 9
394 1585 8
394 1586 9
395 1585 2
395 1586 7
395 1595 2
395 1613 10
395 1614 8
395 1615 4
396 1559 2
396 1589 7
396 1591 2
396 1593 4
396 1594 10
397 1478 7
397 1480 8
397 1482 9
397 1483 4
397 1557 2
397 1560 5
398 400 10
398 1604 3
398 1610 10
398 1611 7
398 1612 3
398 1614 5
399 1343 9
399 1472 2
399 1473 4
399 1475 4
399 1476 8
399 1477 4
399 1478 3
399 1599 3
400 1601 5
400 1604 6
400 1605 4
400 1606 10
400 1607 6
400 1609 6
400 1610 8
401 402 4
401 1605 9
401 1607 10
401 1624 8
402 1607 9
402 1608 10
402 1623 6
403 1583 4
403 1610 3
403 1611 5
403 1615 6
403 1616 9
403 1617 6
404 408 7
404 1617 7
404 1621 10
404 1646 2
404 1647 7
405 406 7
405 407 6
405 1626 10
405 1627 4
406 1318 8
406 1624 9
406 1625 8
406 1626 8
407 1313 5
407 1625 6
407 1626 5
407 1627 6
407 1628 5
407 1629 6
407 1630 4
407 1631 9
408 1618 3
408 1620 3
408 1621 7
408 1646 7
409 410 9
409 1637 8
409 1638 10
409 1645 6
410 418 6
410 1641 7
410 1644 4
410 1645 3
411 412 6
411 1647 4
411 1648 3
411 1650 4
411 1651 3
412 1582 5
412 1648 2
412 1649 8
412 1650 6
412 1653 6
413 414 7
413 415 5
413 416 2
413 1656 9
413 1657 10
413 1663 9
414 415 3
414 1657 6
414 1658 6
414 1659 10
415 416 3
415 1658 10
416 1658 10
416 1661 9
416 1663 2
417 418 7
417 1642 4
417 1643 5
417 1660 5
417 1668 9
417 1669 5
418 437 8
418 1641 3
418 1643 3
418 1644 5
418 1668 10
419 1667 10
419 1670 3
419 1671 8
419 1674 3
420 421 6
420 1662 10
420 1664 10
420 1665 6
420 1667 9
420 1676 4
421 1662 4
421 1663 4
421 1665 3
422 1665 7
422 1666 4
422 1676 6
422 1683 5
422 1684 10
422 1685 10
423 427 7
423 1677 2
423 1681 8
423 1682 3
423 1683 10
423 1684 4
423 1686 3
423 1688 3
423 1689 5
424 426 2
424 1688 9
424 1692 4
424 1693 5
424 1697 7
425 1698 10
425 1700 10
425 1701 5
425 1705 9
425 1708 4
426 1688 5
426 1690 6
426 1691 10
426 1692 10
426 1708 5
427 1679 2
427 1680 5
427 1681 5
427 1689 7
427 1709 6
427 1710 7
428 430 10
428 1716 3
428 1739 8
428 1741 5
428 1742 10
428 1747 5
429 430 8
429 1706 6
429 1707 6
429 1714 9
429 1744 8
430 432 5
430 1714 10
430 1716 5
430 1717 3
430 1742 3
430 1744 3
431 1715 7
431 1718 3
431 1719 3
431 1722 4
432 1716 4
432 1717 7
432 1718 9
432 1719 10
433 1715 5
433 1723 6
433 1732 7
433 1733 5
433 1741 10
434 435 3
434 436 9
434 1754 6
434 1755 6
434 1756 2
434 1757 7
435 436 9
435 1737 5
435 1738 9
435 1756 7
436 438 3
436 1738 4
436 1739 9
436 1748 9
436 1749 4
436 1754 7
437 1640 4
437 1641 6
437 1668 3
437 1670 10
437 1671 2
437 1672 2
437 1752 8
438 1748 6
438 1749 2
438 1752 8
438 1753 5
439 440 2
439 1632 3
439 1633 5
439 1759 8
440 441 2
440 1629 2
440 1631 4
440 1633 6
440 1759 7
441 445 10
441 1312 7
441 1630 9
441 1631 7
441 1758 2
441 1759 3
442 444 5
442 445 4
442 1758 3
442 1765 8
443 444 10
443 1764 6
443 1765 8
443 1766 7
443 1767 2
444 445 6
444 1760 7
444 1765 9
444 1766 9
445 1312 4
445 1758 2
445 1760 7
445 1761 3
446 451 3
446 1761 5
446 1762 2
446 1781 9
447 1299 8
447 1301 4
447 1302 8
447 1303 2
447 1784 8
447 1789 9
448 1281 10
448 1282 8
448 1283 5
448 1301 8
448 1789 6
449 1784 5
449 1785 8
449 1786 3
449 1805 9
450 452 9
450 460 2
450 1777 2
450 1778 5
450 1779 8
450 1780 4
450 1806 5
451 1762 9
451 1763 2
451 1781 3
452 1777 10
452 1786 4
452 1802 4
452 1803 9
452 1805 5
452 1806 9
452 1807 9
453 1802 4
453 1807 4
453 1812 5
453 1813 7
453 1814 9
453 1815 5
454 1796 8
454 1797 2
454 1799 5
454 1800 5
454 1801 3
454 1804 3
455 456 3
455 457 9
455 1809 6
455 1812 9
455 1826 8
455 1828 5
455 1829 4
456 457 3
456 470 6
456 1829 9
456 1830 6
456 1838 8
457 1809 10
457 1810 2
457 1838 6
458 1838 6
458 1839 6
458 1840 5
458 1842 2
458 1843 8
458 1844 7
458 1845 3
459 1773 4
459 1774 4
459 1775 7
459 1809 6
459 1840 3
460 1769 8
460 1772 5
460 1774 2
460 1776 2
460 1780 4
460 1806 8
461 1768 6
461 1769 8
461 1842 5
461 1846 4
461 1847 8
462 1735 6
462 1736 7
462 1737 3
462 1847 6
462 1848 6
463 1835 4
463 1850 2
463 1851 5
463 1852 9
463 1853 5
463 1854 2
464 1858 3
464 1859 8
464 1860 2
464 1867 2
465 466 9
465 485 5
465 1862 7
465 1863 9
465 1866 5
465 1877 9
465 1974 7
465 1982 7
466 485 8
466 492 7
466 493 7
466 1954 7
466 1974 5
467 468 10
467 1874 8
467 1875 2
467 1876 9
467 1901 6
468 475 10
468 1876 4
468 1879 7
468 1883 6
469 475 4
469 1830 5
469 1831 10
469 1878 7
469 1879 6
469 1880 8
470 471 9
470 1829 10
470 1830 7
471 472 9
471 473 10
471 1820 10
471 1825 5
471 1827 8
471 1829 6
472 473 4
472 1824 7
472 1825 8
473 670 4
473 1881 8
473 1885 4
473 1886 6
474 475 5
474 1882 2
474 1883 8
474 1884 6
474 1885 6
475 1879 8
475 1880 4
475 1882 10
476 1902 6
476 1903 10
476 1936 3
477 1903 2
477 1904 2
477 1935 5
477 1936 6
477 1939 6
478 1898 3
478 1899 7
478 1903 8
478 1904 2
478 1909 6
479 480 8
479 1905 2
479 1906 7
479 1925 6
479 1926 7
479 1927 7
480 481 8
480 1906 10
480 1927 9
480 1928 5
480 1933 7
481 1927 2
481 1928 10
481 1930 9
482 1871 3
482 1902 2
482 1936 8
482 1937 9
482 1939 7
483 1865 10
483 1868 4
483 1869 10
483 1870 8
484 1866 2
484 1868 6
484 1869 2
484 1872 6
484 1873 2
485 1864 2
485 1866 7
485 1943 3
485 1944 3
485 1954 2
486 488 5
486 489 9
486 490 10
486 1945 7
486 1952 8
486 1955 9
486 1956 5
487 1946 9
487 1947 9
487 1948 8
487 1950 3
487 1951 6
487 1952 8
487 1956 6
488 490 2
488 1956 9
488 1957 3
489 491 8
489 492 8
489 1953 3
489 1954 4
489 1955 4
489 1963 9
489 1964 3
489 1972 8
490 1955 7
490 1957 10
490 1958 9
491 1963 6
491 1964 3
491 1966 8
492 493 6
492 1954 4
492 1971 6
492 1972 9
493 1971 10
493 1973 4
493 1974 3
494 1981 8
494 1982 2
494 1983 6
494 1984 9
494 1987 2
495 1724 7
495 1725 5
495 1727 3
495 1728 7
496 1727 10
496 1728 2
496 1729 5
496 1731 9
496 1850 3
496 1854 6
496 1855 4
497 1715 6
497 1721 8
497 1722 3
497 1723 2
497 1725 8
497 1726 2
497 1989 2
497 1990 9
498 1988 2
498 1989 5
498 1991 7
499 1988 2
499 1991 7
499 1992 6
499 1993 10
499 2006 6
500 1992 5
500 2006 8
500 2007 2
500 2008 2
500 2010 9
501 502 4
501 1703 4
501 1719 6
501 1720 2
501 1991 5
501 2008 2
502 1701 4
502 1704 6
502 1705 2
502 1713 8
502 1717 4
502 1719 8
502 1720 10
503 1694 3
503 1696 3
503 2015 9
503 2016 5
503 2018 7
504 505 10
504 2018 6
504 2019 9
504 2022 7
505 2022 4
505 2023 8
506 508 2
506 1968 9
506 1969 2
506 2000 3
506 2001 7
506 2002 5
506 2030 4
506 2032 2
506 2033 2
507 1961 3
507 1966 5
507 2032 9
507 2037 6
507 2038 8
507 2039 7
508 1965 10
508 1966 3
508 1969 4
508 2032 10
509 1957 3
509 1958 6
509 1959 7
509 1960 3
509 2039 9
509 2040 3
510 511 4
510 2041 5
510 2042 3
510 2045 7
510 2046 8
510 2047 8
511 2023 10
511 2045 5
511 2046 9
511 2047 7
512 513 10
512 514 3
512 517 5
512 518 7
512 519 2
512 535 8
512 866 9
513 515 3
513 517 9
513 518 2
514 515 7
514 517 5
514 535 10
515 516 6
515 517 10
515 518 9
516 518 2
518 519 10
519 520 2
519 523 4
519 601 8
519 2040 10
520 521 6
520 523 5
520 598 6
520 599 5
520 601 2
521 522 4
521 523 7
521 597 9
521 598 3
522 524 10
522 525 3
522 526 10
522 597 7
525 526 8
525 528 6
525 529 2
525 559 8
526 527 7
526 528 10
526 594 9
526 597 5
526 604 10
527 528 9
527 592 7
528 559 8
529 532 2
529 558 3
529 559 5
530 531 8
530 532 3
530 557 4
530 558 2
531 532 5
531 533 7
532 558 4
533 534 5
534 535 4
535 536 8
535 541 10
535 866 2
536 538 6
537 538 5
537 539 8
537 540 2
537 541 3
538 539 6
539 540 6
539 542 7
539 549 3
540 541 8
540 542 9
540 543 5
541 543 7
542 543 3
542 547 2
542 549 4
543 544 8
543 547 4
544 545 9
544 546 9
544 547 2
544 550 7
545 546 9
545 550 6
545 862 3
546 862 7
546 863 9
547 549 4
547 550 5
547 552 5
548 549 3
548 554 4
548 555 8
548 556 8
549 556 9
550 551 4
550 552 3
550 857 5
550 862 7
551 552 7
551 553 10
551 566 6
551 567 5
551 856 8
551 857 10
552 553 4
553 563 10
553 566 4
553 571 7
554 555 5
554 564 10
554 565 3
554 591 3
554 592 3
555 556 9
555 557 9
555 559 8
555 592 10
556 557 10
557 558 8
557 559 5
558 559 10
560 561 5
560 562 5
560 563 10
560 591 9
561 562 8
561 563 3
561 580 2
561 581 6
562 581 9
562 589 4
562 590 6
562 591 2
563 564 3
563 565 3
563 571 7
563 591 5
564 565 2
564 591 3
566 567 4
566 568 10
566 569 4
566 570 8
566 571 5
566 574 9
567 568 7
568 570 6
569 570 5
569 574 7
569 839 5
569 840 6
569 841 2
570 841 4
571 574 6
571 577 5
571 580 10
572 573 6
572 577 3
573 574 10
573 577 3
573 838 2
574 577 2
574 839 8
575 576 3
575 577 10
575 578 7
576 578 9
576 832 8
577 578 4
577 580 7
579 583 5
580 581 8
581 582 7
581 583 6
581 589 2
582 583 4
582 584 5
584 585 2
584 586 3
584 696 3
585 586 6
585 695 2
586 588 7
586 695 6
587 588 4
587 604 10
589 590 4
589 595 10
590 591 9
590 594 7
590 595 9
591 592 6
593 594 7
594 595 6
594 604 5
595 604 5
596 597 3
596 598 10
597 598 7
597 603 5
597 604 9
598 599 3
598 600 5
599 600 5
599 601 4
600 601 4
601 603 5
601 632 8
601 1930 6
601 2040 4
602 603 2
602 606 4
602 607 8
603 607 7
605 613 8
605 614 4
606 607 3
606 608 7
606 613 8
608 613 4
609 610 4
609 612 10
609 619 6
609 629 9
610 628 3
610 629 3
611 617 7
611 618 8
611 621 6
611 622 2
612 613 8
612 619 8
614 615 2
615 616 9
615 618 9
615 619 6
616 617 6
616 618 3
616 693 3
616 695 3
617 618 9
617 622 6
618 619 7
620 621 4
620 625 5
620 627 10
620 628 7
621 622 10
621 625 3
621 628 5
622 623 8
622 625 8
623 624 8
623 625 2
623 653 4
624 625 7
624 634 9
624 650 8
624 652 3
624 653 6
625 626 9
625 627 4
625 634 3
626 627 3
626 630 6
626 631 9
626 634 10
627 628 3
627 629 9
627 630 10
628 629 3
629 630 3
630 631 2
630 632 2
631 634 6
632 633 3
632 637 8
632 1920 7
632 1930 8
633 636 4
633 637 4
634 635 8
634 636 3
634 652 9
635 636 3
635 644 6
635 651 2
635 652 10
636 637 4
637 638 8
637 640 5
637 1920 9
638 639 4
638 640 4
639 640 6
639 642 4
639 643 9
640 642 6
640 1919 2
640 1920 2
641 642 6
641 643 3
641 645 9
641 646 2
641 1912 7
641 1913 10
641 1915 7
642 643 2
642 1915 2
642 1918 3
642 1919 4
643 646 2
644 645 4
644 646 7
644 651 2
645 646 6
645 648 10
645 651 5
645 1912 5
647 648 6
647 649 7
647 664 3
647 665 7
647 1892 5
647 1894 10
647 1895 10
647 1897 2
648 649 8
648 651 3
648 663 3
648 1895 6
648 1912 3
649 663 6
649 664 5
650 651 4
650 652 8
650 653 6
650 654 2
650 662 2
651 652 10
651 662 7
651 663 7
653 654 9
653 655 5
653 688 5
654 655 6
654 656 8
654 662 7
655 656 6
656 657 5
657 658 8
657 661 10
657 686 8
658 661 2
658 685 9
658 686 5
659 660 7
659 661 7
659 676 4
660 662 6
660 667 2
660 676 2
661 685 10
662 663 7
662 667 9
663 664 6
663 665 5
663 667 6
664 665 7
665 666 2
665 1889 4
665 1894 10
666 669 5
666 676 4
666 1889 6
666 1890 2
668 669 4
668 670 5
668 673 3
668 675 5
669 670 5
669 676 7
670 671 7
670 673 2
670 1823 5
670 1824 8
670 1886 7
670 1887 6
671 672 9
671 673 3
671 733 7
671 1823 9
672 673 6
672 728 8
672 729 10
672 733 8
673 675 5
674 675 5
674 679 10
674 680 8
674 727 3
674 728 6
675 679 9
677 678 10
677 684 7
677 685 9
678 679 7
679 680 6
680 725 5
680 727 6
681 682 8
681 684 6
682 700 9
683 685 9
683 691 8
683 692 6
684 685 2
684 692 4
685 686 2
685 691 5
685 692 4
686 687 2
686 691 8
687 688 9
687 691 8
688 689 6
689 690 5
689 691 9
690 691 2
690 694 8
692 699 6
693 694 10
693 695 10
693 697 7
693 698 10
693 699 7
695 696 4
695 697 7
696 697 5
697 698 3
698 699 6
698 701 4
700 701 5
701 702 8
702 703 7
703 832 4
704 830 6
705 706 7
705 708 10
706 725 9
707 710 2
708 709 5
709 835 9
710 711 9
710 715 9
711 712 7
711 714 8
711 715 6
711 791 9
712 713 5
712 714 10
712 790 5
712 791 5
713 714 6
713 785 10
713 788 7
713 789 5
713 790 6
714 715 4
716 717 9
716 721 6
716 724 10
717 718 9
717 720 8
717 721 7
718 719 5
718 720 3
718 785 2
719 784 3
719 785 5
719 786 8
720 721 4
720 750 10
721 724 9
722 723 6
722 724 9
722 749 10
723 724 4
723 726 2
723 749 4
725 726 8
725 727 7
726 727 2
726 728 7
726 729 10
726 749 3
727 728 2
728 729 8
729 730 3
729 732 5
729 733 2
729 749 3
730 731 2
730 732 10
730 740 6
730 748 7
730 749 10
731 732 2
731 734 7
731 740 2
732 733 9
732 734 2
734 735 4
734 736 10
734 738 6
734 739 8
734 740 9
735 736 4
735 737 5
735 1823 2
736 737 4
736 739 2
737 738 10
737 739 6
737 1822 3
737 1823 5
737 1825 8
738 739 10
738 740 9
738 742 7
738 1821 5
738 1822 2
740 742 5
740 748 10
741 742 2
741 745 9
742 1821 10
743 752 8
743 758 3
744 745 9
744 746 3
744 751 2
745 746 6
745 747 3
746 747 9
746 751 7
747 751 10
748 749 10
750 751 7
752 756 7
752 757 2
753 756 5
753 782 4
753 783 4
754 755 6
754 771 8
754 772 3
754 781 2
754 782 10
755 763 2
755 772 10
756 757 6
757 758 6
757 762 7
757 763 7
758 759 3
758 760 8
758 762 6
758 1798 5
759 760 2
759 761 10
759 762 3
759 1793 4
760 1793 8
760 1798 10
761 762 5
761 765 8
761 1788 7
761 1792 2
761 1793 3
761 1794 7
762 763 10
762 765 9
763 765 9
763 772 5
764 765 3
764 766 4
764 769 3
764 770 3
764 771 3
764 772 4
765 766 2
765 772 10
765 1792 4
766 767 5
766 769 9
766 1790 10
766 1791 3
766 1792 8
767 768 2
767 769 6
767 1277 6
768 1277 5
768 1278 8
769 770 3
769 773 5
769 1277 2
770 771 4
770 773 3
771 772 9
771 773 2
771 781 3
773 774 10
773 775 4
773 781 8
773 1277 8
774 775 8
774 781 5
774 1257 4
774 1258 4
775 1258 5
775 1259 3
775 1276 8
775 1277 5
776 777 10
776 778 9
776 780 3
776 781 6
776 1256 4
777 778 10
777 779 8
777 780 2
777 797 6
778 797 4
778 1255 7
778 1256 8
779 787 9
779 795 8
779 796 3
779 797 9
780 781 6
780 782 2
781 782 9
782 783 9
782 784 6
783 784 10
785 786 7
785 788 7
786 787 10
786 788 6
787 788 9
787 796 3
788 796 8
789 790 2
789 791 5
789 792 4
790 791 3
791 792 5
792 793 5
792 822 7
793 794 3
793 822 3
794 795 6
794 796 10
794 799 9
794 802 8
794 821 3
794 822 3
795 796 2
795 797 3
795 798 9
795 799 7
797 798 4
798 799 2
798 1250 8
798 1251 3
799 801 7
799 802 5
799 1249 6
799 1250 3
800 801 3
800 1247 4
800 1248 6
800 1249 7
801 802 6
802 804 4
802 821 2
803 804 2
803 811 4
803 813 10
803 820 7
804 805 5
804 806 10
804 811 7
805 806 6
805 928 10
805 929 2
805 1247 9
806 811 10
806 813 5
807 808 9
807 888 2
807 926 7
807 927 6
808 809 8
808 810 10
808 887 8
808 888 9
809 810 7
809 814 10
809 887 2
810 813 2
810 814 9
811 813 10
812 817 4
812 818 10
812 819 5
812 820 10
812 823 6
813 814 10
814 881 10
814 887 10
815 816 10
815 817 7
815 847 4
815 880 10
815 881 10
816 817 3
816 845 6
816 846 3
816 847 2
817 818 3
817 826 7
817 845 9
818 819 4
818 826 6
819 823 7
819 826 5
820 823 8
821 822 10
824 825 9
825 826 10
825 828 10
825 829 2
826 828 4
826 844 10
826 845 4
827 828 9
827 829 2
827 836 7
827 844 7
828 829 6
828 844 2
829 835 5
830 831 10
830 835 7
831 832 9
831 833 3
831 835 6
833 834 2
833 835 7
834 835 9
834 836 2
834 838 8
836 837 3
836 838 9
836 843 3
836 844 5
837 838 10
837 839 9
837 840 3
837 843 6
838 839 8
839 840 9
840 841 8
840 843 10
841 843 9
841 853 2
841 855 8
842 843 6
842 844 9
842 845 9
842 846 7
842 847 9
843 844 9
843 853 6
844 845 7
845 846 6
846 847 6
848 849 10
848 852 5
848 853 5
848 854 5
848 859 2
849 851 7
849 852 9
851 852 7
851 860 9
851 861 2
851 865 6
852 859 7
852 861 10
853 854 7
853 855 8
854 855 10
854 856 6
854 859 4
855 856 7
856 857 2
856 858 7
856 859 5
857 858 3
857 862 8
858 859 8
858 862 6
859 861 9
860 865 4
860 868 8
861 865 3
862 863 5
863 864 6
863 865 10
863 866 9
864 866 2
864 867 10
866 867 3
866 870 7
866 871 4
866 874 8
866 983 10
867 870 8
868 869 2
868 870 4
868 878 6
869 870 4
869 872 5
869 873 4
869 877 7
869 878 7
870 871 8
870 872 2
871 872 2
871 874 3
872 873 9
872 874 6
873 874 2
873 877 8
874 875 5
874 895 6
874 902 4
874 983 10
875 876 10
875 892 4
875 893 8
875 895 9
876 879 2
876 883 5
876 892 5
878 879 5
879 882 7
879 883 10
880 881 6
881 882 5
881 887 2
882 883 9
882 885 9
882 886 8
882 887 5
883 884 4
883 885 4
883 892 4
884 885 10
884 889 4
884 891 5
884 892 2
885 886 10
885 889 7
886 887 4
886 888 10
886 889 9
886 924 6
887 888 5
888 924 2
888 925 2
888 926 7
888 931 4
889 890 5
889 891 6
889 894 2
889 917 6
889 918 8
889 924 10
890 894 7
890 895 7
890 897 3
890 917 2
891 892 4
891 893 4
891 894 3
892 893 6
893 894 2
893 895 5
894 895 10
895 896 4
895 897 5
895 901 6
895 902 8
896 897 4
896 898 10
896 901 4
897 898 3
897 917 4
898 899 9
898 901 2
898 915 4
898 917 5
899 900 7
899 901 4
899 915 4
900 901 3
900 907 9
900 916 8
901 902 4
901 907 2
902 903 7
902 907 5
902 983 6
903 904 6
903 905 3
903 906 8
903 907 2
903 983 6
904 905 10
904 983 9
905 906 2
905 909 6
905 910 9
906 907 10
906 909 10
906 916 6
908 909 7
908 912 5
908 913 6
908 914 2
908 916 8
909 910 8
909 912 6
909 916 8
910 912 3
910 978 2
911 913 3
911 943 10
911 944 4
911 976 9
911 977 9
912 913 10
912 977 2
912 978 3
913 977 10
914 915 2
914 916 2
915 916 6
915 917 6
915 918 8
915 919 6
917 918 2
918 919 6
918 920 5
918 921 9
918 924 8
919 921 6
919 922 9
919 941 7
920 921 8
920 922 3
920 923 8
920 924 9
921 922 8
922 923 4
922 941 6
923 924 4
923 926 6
923 930 4
923 931 2
923 940 2
923 941 3
924 925 6
924 931 8
925 931 7
926 927 6
926 930 6
926 931 3
927 928 9
927 930 7
928 929 8
928 932 3
928 934 8
929 934 5
929 1245 5
929 1246 10
929 1247 9
930 939 10
930 940 10
932 933 10
932 934 4
932 939 8
933 934 2
933 935 10
933 936 5
933 938 10
933 939 8
934 935 9
934 1241 9
934 1245 4
935 1241 7
936 937 2
936 938 4
936 951 7
937 938 4
937 949 10
937 951 5
938 939 6
938 940 5
938 942 9
939 940 2
940 941 2
942 943 9
942 944 4
943 944 6
944 946 7
944 947 8
944 948 4
944 950 2
944 976 10
945 946 9
945 947 2
945 948 3
945 963 8
946 948 7
946 974 8
947 948 9
947 950 9
947 963 3
947 964 7
947 965 5
949 950 4
949 951 9
950 951 10
950 955 7
950 965 2
951 952 2
952 953 9
953 954 9
953 1217 10
953 1221 6
953 1222 4
954 956 3
954 957 3
954 960 5
954 1217 6
955 956 4
955 965 9
956 960 5
956 961 10
956 962 4
956 963 6
956 964 9
956 965 10
957 958 6
957 960 6
957 1217 9
958 959 2
958 960 2
958 1216 8
959 960 3
959 1087 7
959 1216 2
960 961 10
960 1087 8
961 962 7
961 1082 10
961 1087 3
962 963 8
962 966 5
962 1080 8
962 1082 7
963 964 7
964 965 7
966 967 7
966 968 3
966 971 8
966 1080 10
967 999 2
967 1000 5
967 1079 7
967 1080 2
968 969 7
968 971 10
968 999 9
969 970 9
969 971 9
969 999 4
970 971 6
970 988 5
970 989 7
970 997 5
970 998 5
970 999 6
971 972 2
972 973 3
972 975 10
972 979 4
973 974 8
973 975 10
974 975 10
975 976 7
975 979 10
975 981 7
975 982 3
976 977 9
976 982 2
977 978 3
979 980 5
979 981 10
980 981 8
980 985 7
980 987 7
980 988 3
981 982 2
981 985 4
982 984 9
982 985 6
983 984 8
983 992 10
983 1014 3
983 1021 3
983 1024 10
984 985 10
985 986 8
985 987 5
986 987 9
986 991 2
986 992 10
987 988 5
987 990 9
987 991 7
988 989 7
988 990 3
989 990 10
989 992 3
989 993 9
990 991 2
990 992 5
991 992 4
992 993 6
992 994 9
992 1014 10
993 994 2
993 996 3
993 997 8
993 1013 10
994 1013 10
994 1014 8
995 996 10
995 1001 4
995 1003 4
995 1004 5
996 997 2
996 998 7
996 1003 10
997 998 9
998 999 8
998 1000 2
998 1003 7
999 1000 10
1000 1002 5
1000 1003 4
1001 1002 4
1001 1003 10
1001 1004 10
1001 1073 5
1001 1074 8
1002 1003 6
1004 1006 2
1004 1008 8
1004 1073 10
1005 1006 9
1005 1007 2
1005 1037 4
1005 1038 3
1006 1007 9
1006 1008 3
1006 1038 5
1006 1073 5
1007 1008 6
1007 1037 8
1008 1009 3
1009 1010 5
1009 1011 3
1009 1018 2
1010 1011 4
1010 1015 7
1010 1018 6
1011 1012 8
1011 1015 5
1013 1014 10
1014 1015 10
1014 1021 4
1015 1021 8
1016 1017 3
1016 1020 3
1016 1021 7
1017 1018 7
1017 1019 5
1017 1020 10
1019 1020 2
1019 1027 9
1019 1028 10
1019 1036 2
1020 1021 8
1021 1022 4
1021 1024 10
1022 1023 8
1022 1024 2
1022 1027 2
1023 1024 2
1025 1026 4
1025 1027 3
1025 1030 3
1026 1027 6
1026 1028 9
1026 1029 9
1026 1030 2
1026 1031 8
1027 1028 6
1028 1029 5
1028 1032 5
1028 1036 7
1029 1031 9
1029 1032 3
1030 1031 9
1030 1032 4
1030 1048 7
1030 1126 2
1030 1505 8
1031 1032 9
1032 1046 4
1032 1048 9
1033 1034 2
1033 1035 3
1033 1036 6
1033 1046 8
1034 1035 3
1034 1043 7
1034 1045 8
1034 1046 5
1035 1036 8
1035 1039 9
1035 1045 10
1037 1038 8
1037 1039 7
1038 1039 8
1038 1040 4
1038 1072 10
1038 1073 5
1039 1040 7
1039 1044 7
1039 1045 2
1040 1041 3
1040 1042 8
1040 1043 2
1040 1044 7
1040 1072 8
1041 1042 9
1041 1043 3
1041 1051 6
1042 1051 7
1042 1060 7
1042 1061 8
1042 1071 2
1042 1072 4
1043 1044 3
1043 1045 9
1043 1051 8
1044 1045 10
1046 1047 6
1046 1048 9
1047 1048 8
1047 1049 6
1047 1050 7
1048 1049 6
1048 1120 4
1048 1126 7
1049 1050 10
1050 1051 10
1051 1052 7
1051 1060 5
1052 1053 2
1052 1056 7
1052 1057 7
1052 1058 8
1052 1060 8
1052 1062 9
1053 1054 7
1053 1056 7
1054 1055 3
1054 1056 10
1054 1119 8
1054 1120 6
1055 1056 3
1055 1119 2
1055 1122 10
1055 1123 4
1057 1058 10
1057 1116 7
1057 1117 10
1057 1118 4
1058 1059 6
1058 1062 3
1058 1113 9
1058 1115 5
1058 1116 5
1059 1062 2
1059 1063 5
1059 1112 4
1059 1113 4
1060 1061 2
1060 1062 7
1061 1062 7
1061 1064 2
1062 1064 8
1063 1111 9
1063 1112 7
1064 1069 4
1065 1066 10
1065 1068 9
1065 1069 10
1065 1085 8
1065 1110 3
1065 1111 8
1065 1112 10
1066 1067 6
1066 1068 9
1066 1085 2
1067 1068 10
1067 1071 2
1067 1075 8
1067 1084 7
1068 1069 4
1068 1070 9
1068 1071 4
1069 1070 6
1069 1111 5
1070 1071 7
1071 1072 3
1071 1075 4
1072 1073 9
1072 1075 9
1073 1074 4
1073 1075 10
1074 1075 2
1074 1078 2
1075 1078 8
1075 1084 6
1076 1077 9
1076 1081 2
1076 1084 9
1077 1078 10
1077 1084 10
1078 1084 7
1079 1080 9
1079 1081 9
1080 1081 9
1080 1082 7
1082 1083 9
1082 1087 6
1083 1086 5
1083 1087 10
1085 1086 7
1085 1089 7
1085 1110 6
1086 1087 8
1086 1089 2
1087 1089 2
1088 1089 5
1088 1092 3
1088 1093 7
1088 1214 6
1088 1215 5
1088 1216 4
1089 1090 7
1089 1091 7
1089 1092 9
1089 1109 4
1089 1110 10
1090 1091 9
1090 1099 9
1090 1106 7
1090 1107 9
1090 1109 6
1090 1110 10
1091 1092 10
1091 1093 2
1091 1095 9
1091 1099 10
1092 1093 9
1093 1094 4
1093 1214 4
1094 1208 6
1094 1209 4
1094 1214 6
1095 1099 3
1096 1098 3
1096 1173 9
1096 1174 3
1096 1208 8
1097 1098 5
1097 1102 3
1097 1169 5
1097 1171 5
1097 1174 8
1098 1099 10
1098 1100 8
1098 1102 5
1098 1108 6
1098 1174 9
1099 1107 2
1099 1108 2
1100 1101 5
1100 1102 9
1100 1106 2
1100 1107 4
1100 1108 2
1101 1102 7
1101 1103 3
1101 1104 8
1101 1170 2
1102 1169 10
1103 1104 4
1103 1135 6
1103 1168 3
1103 1170 7
1104 1105 3
1104 1134 7
1104 1135 6
1105 1106 10
1105 1134 2
1106 1107 4
1106 1110 6
1107 1108 9
1109 1110 9
1111 1112 6
1112 1113 6
1112 1114 2
1112 1133 2
1113 1114 3
1113 1115 3
1113 1131 4
1113 1132 4
1114 1131 5
1114 1133 10
1115 1116 5
1115 1132 6
1116 1117 6
1117 1118 8
1117 1123 6
1118 1123 7
1119 1120 10
1119 1121 9
1119 1122 4
1120 1126 6
1121 1122 10
1121 1124 7
1121 1132 8
1122 1123 4
1124 1125 10
1124 1131 3
1124 1132 10
1125 1126 4
1125 1131 5
1126 1409 10
1126 1505 2
1127 1128 10
1127 1129 8
1127 1142 8
1128 1129 5
1130 1135 4
1130 1141 2
1130 1168 4
1131 1132 6
1131 1134 5
1134 1135 3
1135 1168 7
1136 1137 3
1136 1139 10
1136 1157 5
1137 1138 8
1137 1139 2
1137 1157 4
1137 1165 3
1138 1165 2
1139 1140 10
1139 1141 6
1139 1165 3
1139 1166 2
1140 1141 10
1140 1147 9
1141 1147 3
1141 1166 2
1141 1167 4
1141 1168 10
1142 1143 3
1143 1144 2
1143 1145 5
1145 1146 6
1146 1150 3
1146 1151 5
1148 1149 3
1148 1153 7
1148 1155 2
1149 1150 3
1149 1153 5
1150 1151 7
1150 1153 10
1151 1152 6
1151 1153 9
1151 1407 7
1151 1409 9
1152 1153 6
1152 1155 2
1152 1406 9
1152 1407 9
1153 1155 6
1154 1155 2
1154 1400 7
1154 1404 2
1154 1405 6
1155 1404 4
1155 1406 5
1156 1157 8
1158 1159 6
1158 1399 9
1159 1399 6
1159 1400 8
1160 1164 7
1160 1165 7
1160 1166 4
1161 1162 5
1161 1181 8
1161 1378 7
1161 1379 6
1162 1179 8
1162 1180 9
1163 1164 8
1163 1177 5
1163 1178 2
1163 1180 9
1164 1166 10
1164 1171 5
1164 1180 5
1165 1166 9
1166 1167 2
1166 1171 4
1167 1168 10
1167 1170 8
1168 1170 2
1169 1171 6
1172 1177 9
1172 1178 3
1172 1205 4
1173 1174 2
1173 1176 3
1173 1177 5
1175 1176 2
1175 1207 3
1176 1177 9
1176 1207 6
1177 1178 6
1178 1180 8
1179 1180 6
1179 1182 6
1181 1377 3
1181 1378 5
1182 1183 3
1183 1184 8
1183 1370 2
1183 1374 2
1184 1185 7
1184 1188 10
1184 1190 10
1184 1370 7
1185 1188 9
1185 1189 5
1185 1190 8
1185 1191 5
1186 1188 2
1186 1204 2
1187 1188 8
1187 1189 5
1187 1195 4
1187 1203 5
1187 1204 8
1188 1189 4
1188 1204 10
1189 1191 5
1189 1194 2
1189 1195 8
1190 1191 8
1190 1192 3
1190 1194 7
1190 1369 2
1190 1370 6
1191 1194 8
1192 1194 9
1192 1272 9
1192 1288 5
1193 1194 9
1193 1195 3
1193 1196 6
1193 1265 7
1193 1270 5
1194 1195 7
1195 1196 9
1195 1203 6
1196 1203 9
1197 1198 7
1197 1199 5
1197 1200 4
1197 1201 5
1198 1199 7
1198 1264 4
1198 1265 6
1198 1266 4
1199 1200 10
1199 1232 3
1199 1264 10
1200 1201 7
1200 1230 10
1200 1232 10
1201 1202 6
1201 1206 2
1202 1203 3
1202 1204 5
1202 1205 7
1202 1206 6
1202 1207 8
1203 1204 9
1205 1207 6
1206 1207 10
1208 1209 6
1209 1213 10
1209 1229 2
1210 1229 5
1210 1230 6
1211 1212 6
1211 1213 4
1211 1219 7
1211 1229 9
1212 1213 2
1212 1215 9
1212 1219 3
1213 1229 6
1214 1215 5
1215 1216 7
1215 1218 7
1215 1219 9
1216 1218 6
1217 1222 4
1218 1219 9
1219 1220 7
1220 1221 9
1220 1223 7
1220 1224 2
1221 1222 9
1221 1223 5
1223 1224 2
1223 1239 3
1224 1225 4
1224 1228 7
1224 1239 4
1225 1226 8
1225 1227 6
1225 1228 4
1225 1231 4
1225 1235 8
1225 1239 6
1226 1227 4
1226 1230 2
1226 1231 6
1227 1228 2
1227 1229 2
1227 1230 2
1229 1230 6
1230 1231 4
1230 1232 2
1230 1233 6
1230 1237 10
1231 1235 2
1231 1237 5
1232 1233 6
1232 1264 4
1233 1234 8
1233 1236 9
1233 1237 3
1233 1252 5
1233 1263 10
1233 1264 8
1233 1266 3
1234 1252 3
1234 1253 8
1234 1261 2
1234 1262 8
1234 1263 8
1235 1236 7
1235 1237 9
1235 1238 9
1235 1239 7
1235 1243 10
1236 1237 5
1236 1238 5
1238 1243 2
1239 1243 7
1240 1241 8
1240 1242 3
1241 1242 7
1241 1245 3
1242 1243 3
1242 1244 4
1242 1245 9
1243 1244 4
1244 1245 7
1244 1246 10
1244 1248 8
1244 1250 9
1244 1251 3
1245 1246 7
1246 1247 5
1246 1248 8
1247 1248 2
1248 1249 7
1248 1250 8
1249 1250 9
1250 1251 3
1251 1252 2
1251 1254 2
1252 1253 3
1252 1254 4
1253 1254 5
1253 1255 10
1253 1256 9
1253 1257 3
1253 1261 9
1254 1255 9
1255 1256 7
1256 1257 2
1257 1258 5
1257 1261 8
1258 1259 6
1258 1261 9
1258 1267 8
1259 1267 3
1259 1268 9
1259 1276 7
1260 1261 2
1260 1262 2
1260 1263 8
1260 1267 9
1261 1262 9
1261 1267 2
1262 1263 8
1263 1266 6
1263 1267 9
1264 1266 9
1265 1266 6
1265 1267 7
1265 1269 6
1265 1270 2
1266 1267 3
1267 1268 4
1267 1269 5
1268 1269 2
1268 1276 7
1269 1270 9
1269 1271 10
1269 1273 5
1269 1276 3
1270 1271 10
1270 1272 7
1271 1272 4
1271 1273 9
1272 1273 2
1272 1288 5
1273 1274 3
1273 1276 2
1273 1286 9
1273 1288 6
1274 1275 9
1274 1276 6
1275 1276 6
1275 1277 9
1275 1278 7
1275 1279 2
1276 1277 7
1277 1278 9
1278 1279 6
1279 1280 8
1280 1284 4
1280 1285 9
1280 1286 10
1281 1283 8
1281 1285 10
1281 1789 7
1281 1790 7
1282 1300 7
1282 1301 5
1283 1284 6
1283 1285 5
1283 1294 2
1284 1285 3
1284 1286 8
1284 1287 6
1286 1287 4
1286 1288 5
1287 1288 9
1289 1366 2
1289 1367 10
1290 1291 5
1291 1294 6
1292 1297 4
1292 1298 2
1292 1299 10
1292 1300 9
1293 1294 6
1293 1295 10
1293 1296 2
1294 1295 8
1295 1296 2
1295 1325 4
1296 1297 4
1296 1306 3
1296 1325 7
1297 1298 2
1297 1305 6
1297 1306 7
1297 1308 2
1298 1299 9
1298 1302 2
1298 1305 2
1299 1300 2
1299 1301 4
1299 1302 8
1300 1301 7
1301 1789 2
1302 1303 3
1302 1305 9
1303 1304 9
1303 1305 10
1303 1781 8
1303 1783 8
1303 1784 2
1304 1305 8
1304 1309 10
1304 1781 4
1305 1308 9
1305 1309 4
1306 1307 6
1306 1308 2
1306 1325 4
1307 1308 9
1307 1310 5
1307 1325 4
1308 1309 8
1308 1310 4
1308 1311 3
1310 1311 3
1310 1315 9
1311 1312 7
1311 1314 9
1311 1315 8
1311 1761 6
1312 1314 9
1312 1630 10
1312 1761 2
1313 1314 2
1313 1315 4
1313 1316 4
1313 1625 8
1313 1630 9
1314 1315 4
1314 1630 8
1315 1316 7
1316 1317 10
1316 1321 7
1316 1324 8
1317 1318 3
1317 1319 6
1317 1320 6
1317 1321 4
1317 1624 10
1318 1624 10
1318 1625 4
1319 1320 8
1319 1336 8
1319 1605 4
1319 1624 3
1320 1321 8
1320 1333 4
1320 1334 4
1320 1336 2
1321 1323 4
1321 1324 2
1322 1323 7
1322 1327 8
1323 1324 2
1323 1326 4
1323 1327 9
1324 1325 7
1324 1326 9
1325 1326 9
1326 1327 9
1328 1330 6
1328 1332 7
1328 1356 3
1328 1358 2
1328 1359 7
1328 1362 8
1329 1330 10
1329 1332 6
1329 1339 4
1330 1356 10
1330 1357 2
1331 1339 4
1331 1348 9
1332 1333 6
1332 1339 6
1333 1334 9
1333 1338 7
1333 1339 9
1334 1335 8
1334 1336 3
1334 1338 10
1334 1606 8
1335 1338 5
1335 1606 3
1336 1605 5
1336 1606 4
1337 1338 9
1337 1341 5
1337 1342 7
1337 1348 4
1338 1339 4
1338 1348 8
1339 1348 8
1340 1341 10
1340 1343 4
1340 1345 6
1340 1346 10
1340 1472 4
1340 1600 9
1341 1342 4
1341 1600 9
1342 1600 6
1342 1601 9
1342 1606 7
1343 1472 2
1344 1345 6
1345 1346 9
1346 1466 9
1346 1471 4
1347 1350 10
1347 1351 8
1347 1463 4
1349 1350 8
1349 1352 8
1349 1353 2
1349 1355 10
1349 1357 5
1350 1351 8
1350 1352 10
1350 1357 10
1351 1352 4
1351 1463 10
1352 1353 6
1353 1354 8
1353 1355 4
1354 1355 3
1354 1373 3
1354 1382 6
1355 1356 6
1355 1357 5
1355 1363 8
1356 1357 8
1356 1358 10
1356 1363 8
1358 1362 10
1358 1363 2
1359 1360 2
1359 1362 10
1360 1361 8
1363 1364 7
1363 1372 9
1364 1365 4
1364 1371 9
1364 1372 5
1365 1366 5
1365 1368 3
1365 1371 10
1366 1367 2
1366 1368 5
1367 1368 10
1370 1374 10
1373 1374 9
1373 1375 8
1373 1381 8
1373 1382 9
1374 1375 2
1374 1376 5
1375 1376 10
1375 1381 4
1376 1377 7
1376 1381 4
1377 1378 8
1378 1379 6
1379 1380 10
1379 1387 3
1380 1383 9
1380 1385 10
1380 1386 8
1380 1387 10
1381 1382 7
1381 1384 10
1382 1384 6
1383 1384 6
1383 1386 6
1384 1386 3
1385 1386 10
1385 1387 3
1385 1396 5
1385 1397 7
1385 1398 3
1387 1397 7
1388 1389 9
1388 1390 3
1388 1393 7
1388 1396 7
1389 1390 6
1389 1391 2
1389 1392 8
1389 1393 2
1390 1391 3
1390 1456 5
1391 1392 6
1391 1422 7
1391 1455 4
1391 1456 7
1392 1393 8
1392 1394 3
1392 1395 5
1392 1422 2
1393 1395 8
1393 1396 10
1393 1398 4
1394 1395 5
1394 1422 5
1395 1398 9
1396 1398 6
1397 1398 2
1400 1401 10
1400 1405 7
1401 1402 10
1401 1405 2
1402 1403 7
1402 1404 8
1402 1405 2
1403 1404 2
1403 1411 8
1403 1419 6
1403 1420 5
1404 1405 5
1404 1406 6
1404 1411 5
1406 1407 4
1407 1408 8
1407 1409 2
1408 1409 8
1409 1410 9
1409 1414 9
1410 1414 3
1411 1420 4
1412 1413 9
1412 1415 3
1412 1416 8
1412 1417 3
1412 1418 3
1413 1414 9
1413 1415 8
1414 1415 5
1415 1416 5
1415 1432 7
1416 1417 5
1417 1418 2
1417 1421 7
1418 1419 7
1418 1421 4
1419 1420 3
1421 1422 10
1421 1423 3
1422 1423 4
1423 1424 10
1424 1429 9
1424 1430 6
1424 1432 3
1425 1426 10
1425 1427 3
1425 1428 2
1425 1444 5
1426 1444 2
1427 1428 4
1427 1436 8
1427 1444 5
1428 1429 10
1428 1434 5
1429 1430 5
1429 1431 3
1429 1434 7
1430 1431 9
1430 1432 4
1431 1432 4
1431 1434 8
1432 1434 8
1433 1434 8
1433 1435 5
1433 1437 3
1433 1438 5
1434 1438 10
1435 1436 3
1435 1437 6
1435 1439 5
1436 1439 9
1436 1441 6
1436 1444 10
1437 1438 10
1437 1439 10
1438 1439 6
1438 1440 5
1438 1504 5
1438 1505 2
1439 1440 5
1440 1502 9
1440 1503 10
1440 1504 10
1441 1443 7
1441 1444 2
1442 1443 8
1442 1446 6
1442 1447 3
1442 1500 8
1442 1501 6
1443 1444 9
1443 1446 8
1444 1445 9
1444 1446 5
1445 1446 3
1445 1448 10
1445 1453 8
1446 1447 3
1446 1448 7
1447 1496 2
1447 1500 3
1448 1449 5
1448 1451 4
1449 1450 3
1449 1451 4
1449 1469 10
1450 1451 10
1450 1469 4
1450 1470 8
1452 1453 9
1452 1459 9
1454 1455 2
1454 1457 8
1454 1459 6
1455 1456 4
1455 1457 2
1456 1457 6
1457 1459 10
1458 1459 3
1458 1462 7
1460 1465 2
1460 1467 6
1460 1468 9
1460 1471 6
1461 1462 7
1461 1463 4
1461 1465 9
1461 1468 10
1462 1468 10
1463 1464 7
1463 1465 6
1464 1465 5
1464 1466 8
1464 1467 7
1465 1467 8
1465 1468 6
1466 1467 2
1466 1471 8
1467 1471 4
1468 1471 8
1469 1470 5
1472 1599 10
1472 1600 7
1473 1475 10
1474 1493 7
1475 1476 9
1476 1477 5
1477 1478 8
1477 1483 9
1478 1479 9
1478 1480 3
1478 1483 2
1478 1592 8
1478 1597 9
1478 1599 5
1479 1480 7
1479 1591 9
1479 1592 10
1479 1593 6
1480 1559 4
1480 1560 9
1480 1591 7
1481 1482 2
1481 1483 9
1481 1484 5
1481 1486 9
1481 1557 7
1481 1558 10
1482 1483 9
1482 1557 2
1483 1484 10
1483 1492 4
1484 1485 3
1484 1490 5
1484 1492 4
1485 1489 4
1485 1490 5
1486 1553 10
1486 1554 10
1486 1558 2
1487 1488 4
1487 1489 8
1487 1553 5
1488 1519 7
1488 1520 2
1489 1490 8
1489 1553 9
1490 1491 4
1490 1492 10
1490 1498 8
1490 1518 9
1491 1492 6
1491 1493 7
1491 1494 2
1494 1495 3
1495 1496 8
1495 1498 8
1496 1498 3
1496 1500 2
1497 1498 5
1497 1499 10
1497 1500 8
1497 1517 2
1497 1518 4
1498 1500 7
1498 1518 2
1499 1506 10
1499 1507 10
1499 1508 3
1499 1516 4
1499 1517 8
1500 1501 9
1501 1502 8
1501 1503 10
1502 1503 3
1503 1504 8
1503 1507 8
1504 1505 8
1505 1508 10
1505 1509 7
1505 1511 5
1505 1535 5
1506 1507 4
1506 1508 3
1508 1509 6
1508 1513 5
1508 1516 9
1509 1510 3
1509 1511 7
1509 1513 5
1510 1511 7
1510 1513 3
1511 1512 7
1511 1513 9
1511 1528 2
1511 1535 8
1512 1513 2
1512 1514 2
1513 1514 2
1513 1515 8
1513 1516 10
1513 1519 5
1513 1525 4
1514 1525 6
1515 1516 4
1515 1517 9
1515 1519 9
1516 1517 6
1517 1518 4
1519 1520 6
1519 1525 10
1520 1524 8
1520 1525 10
1521 1522 9
1521 1531 8
1521 1550 8
1522 1531 9
1522 1532 5
1522 1538 10
1522 1539 7
1522 1542 5
1523 1524 4
1523 1525 4
1524 1525 2
1526 1527 9
1526 1528 9
1526 1530 8
1527 1528 10
1527 1529 4
1528 1529 2
1528 1535 4
1529 1531 8
1529 1533 10
1529 1534 3
1529 1535 6
1530 1531 6
1531 1532 4
1531 1534 9
1532 1539 8
1532 1540 7
1533 1534 4
1533 1535 10
1533 1536 9
1535 1536 4
1535 1537 3
1536 1537 3
1537 1538 7
1537 1539 3
1537 1540 2
1537 1543 7
1537 1567 7
1537 1656 7
1537 1663 8
1537 2018 7
1538 1539 2
1538 1542 10
1538 1543 6
1539 1540 3
1541 1544 4
1542 1543 2
1543 1545 9
1543 1567 7
1544 1545 6
1544 1546 8
1544 1548 8
1544 1549 5
1545 1546 7
1545 1566 10
1545 1567 8
1546 1548 10
1546 1565 8
1546 1566 6
1547 1548 5
1547 1554 3
1547 1555 4
1547 1564 6
1548 1549 7
1548 1551 7
1548 1555 8
1549 1550 4
1549 1551 4
1550 1551 8
1551 1552 9
1551 1555 9
1552 1553 6
1552 1554 8
1552 1555 5
1553 1554 7
1554 1555 10
1554 1558 9
1556 1557 7
1556 1559 7
1556 1560 5
1556 1561 7
1556 1562 10
1557 1558 4
1557 1560 8
1559 1560 6
1559 1589 2
1559 1591 10
1561 1562 8
1561 1569 3
1561 1570 5
1562 1563 3
1562 1566 10
1562 1567 3
1562 1569 8
1563 1565 8
1563 1566 9
1564 1565 8
1565 1566 7
1566 1567 9
1567 1568 7
1567 1569 7
1567 1656 9
1568 1569 4
1568 1573 6
1568 1575 5
1568 1656 5
1569 1570 7
1569 1573 5
1570 1571 10
1570 1572 10
1570 1573 5
1570 1588 3
1571 1572 3
1571 1579 10
1571 1587 2
1571 1588 6
1572 1573 7
1572 1574 6
1572 1579 9
1573 1574 2
1573 1575 2
1574 1575 3
1574 1576 10
1574 1578 5
1574 1579 7
1574 1581 9
1575 1576 10
1575 1655 8
1575 1656 3
1576 1578 3
1576 1649 4
1576 1654 2
1576 1655 7
1577 1578 6
1577 1581 7
1577 1582 6
1577 1584 7
1577 1649 5
1578 1581 5
1578 1649 3
1579 1580 3
1579 1581 9
1579 1586 7
1579 1587 4
1580 1581 2
1580 1584 4
1580 1585 4
1581 1584 6
1582 1583 2
1582 1584 7
1582 1648 9
1582 1649 2
1583 1584 9
1583 1585 4
1583 1615 2
1583 1647 2
1583 1648 10
1584 1585 2
1585 1586 7
1585 1615 2
1586 1587 5
1586 1589 5
1586 1590 2
1586 1613 10
1587 1588 3
1587 1589 2
1589 1590 9
1589 1594 3
1590 1594 9
1590 1613 7
1591 1593 5
1592 1593 5
1592 1597 8
1593 1594 5
1593 1597 5
1594 1597 6
1594 1613 10
1595 1596 7
1595 1598 10
1595 1603 6
1595 1613 3
1595 1614 5
1596 1597 5
1596 1598 9
1596 1613 8
1597 1598 8
1597 1613 10
1598 1603 9
1599 1600 3
1599 1601 2
1599 1602 6
1600 1601 5
1601 1602 3
1601 1604 3
1601 1606 5
1602 1603 3
1602 1604 2
1602 1612 6
1603 1612 10
1603 1614 3
1604 1612 5
1605 1606 5
1605 1607 10
1605 1624 9
1607 1608 3
1607 1609 5
1608 1609 8
1608 1623 10
1609 1610 3
1609 1623 5
1610 1611 10
1610 1616 10
1610 1622 6
1610 1623 9
1611 1614 7
1611 1615 8
1612 1614 8
1614 1615 8
1616 1617 9
1616 1621 6
1616 1622 9
1617 1621 8
1618 1619 2
1618 1620 2
1618 1637 8
1618 1645 5
1618 1646 5
1619 1620 5
1619 1628 6
1619 1636 4
1619 1637 9
1620 1621 8
1620 1622 2
1620 1627 7
1620 1628 6
1621 1622 7
1622 1623 7
1622 1627 9
1623 1627 4
1625 1626 8
1627 1628 9
1628 1629 2
1628 1636 4
1629 1631 10
1629 1633 4
1629 1635 5
1629 1636 7
1630 1631 4
1632 1633 4
1632 1634 2
1632 1751 5
1632 1753 6
1632 1759 8
1633 1634 7
1633 1635 5
1634 1635 8
1634 1639 9
1634 1751 10
1635 1636 7
1635 1637 7
1635 1638 2
1635 1639 3
1636 1637 9
1637 1638 5
1637 1645 5
1638 1639 9
1639 1640 4
1639 1751 9
1640 1641 10
1640 1751 7
1640 1752 3
1642 1660 7
1642 1661 10
1642 1662 4
1642 1669 6
1643 1644 7
1643 1658 3
1643 1659 5
1643 1660 4
1645 1646 9
1645 1647 4
1646 1647 7
1647 1648 3
1649 1653 7
1649 1654 2
1650 1651 9
1650 1653 9
1650 1659 10
1651 1659 5
1652 1653 5
1652 1654 7
1652 1655 4
1652 1657 10
1652 1659 5
1653 1654 2
1653 1659 7
1654 1655 4
1655 1656 9
1655 1657 2
1656 1657 4
1656 1663 8
1657 1659 3
1658 1659 10
1658 1660 3
1658 1661 6
1660 1661 2
1662 1664 9
1662 1669 7
1663 1665 3
1663 1666 5
1663 1687 2
1663 2018 2
1664 1669 7
1665 1666 9
1665 1676 8
1666 1685 6
1666 1687 7
1667 1674 9
1667 1675 9
1667 1676 4
1667 1678 6
1668 1669 5
1668 1670 2
1670 1671 3
1671 1672 10
1671 1673 9
1671 1674 6
1672 1673 5
1672 1752 10
1673 1674 4
1673 1752 10
1674 1675 2
1674 1750 10
1675 1678 6
1675 1680 4
1675 1750 4
1676 1677 4
1676 1678 3
1676 1684 6
1677 1678 4
1677 1681 9
1677 1684 9
1678 1680 6
1678 1681 2
1679 1680 4
1679 1710 3
1679 1711 7
1679 1743 5
1679 1744 4
1679 1746 9
1680 1681 2
1680 1745 7
1680 1746 6
1680 1750 9
1682 1683 6
1682 1685 4
1682 1686 2
1682 1687 8
1683 1684 4
1683 1685 5
1685 1687 8
1686 1687 9
1686 1688 4
1687 1688 10
1687 1693 3
1687 1694 6
1687 2018 5
1688 1689 9
1688 1690 2
1689 1690 5
1689 1709 3
1690 1708 7
1690 1709 5
1691 1692 3
1691 1698 7
1691 1699 10
1691 1700 2
1691 1708 4
1692 1697 10
1692 1699 5
1693 1694 10
1693 1697 10
1694 1695 3
1694 1696 8
1694 1697 9
1694 2018 10
1695 1696 9
1695 1697 8
1696 2012 5
1696 2015 8
1697 1699 6
1698 1699 9
1698 1700 4
1698 1701 4
1700 1708 3
1701 1702 7
1701 1704 5
1701 1705 8
1702 1704 6
1702 2012 10
1702 2014 7
1703 1704 4
1703 1720 3
1703 2007 7
1703 2008 9
1703 2009 3
1703 2013 9
1704 1720 3
1704 2013 5
1704 2014 2
1705 1707 10
1705 1708 10
1705 1712 7
1705 1713 6
1706 1707 5
1706 1711 9
1706 1744 5
1707 1708 4
1707 1710 7
1707 1711 6
1707 1712 3
1707 1714 2
1708 1709 2
1708 1710 3
1709 1710 8
1710 1711 3
1711 1744 9
1712 1713 6
1712 1714 6
1713 1714 8
1713 1717 7
1714 1717 10
1715 1716 6
1715 1718 4
1715 1722 4
1715 1723 4
1715 1741 3
1716 1718 10
1716 1741 8
1717 1719 6
1718 1719 5
1719 1722 2
1719 1991 9
1721 1723 7
1721 1724 10
1721 1725 7
1721 1729 7
1721 1732 5
1722 1989 10
1722 1991 3
1723 1732 7
1724 1725 9
1724 1728 10
1724 1729 10
1725 1726 7
1725 1985 7
1726 1985 10
1726 1990 3
1727 1728 2
1727 1855 5
1727 1856 4
1728 1729 6
1729 1731 5
1729 1732 9
1730 1731 6
1730 1732 10
1730 1733 8
1730 1734 5
1730 1850 9
1731 1732 8
1731 1850 8
1732 1733 4
1733 1734 7
1733 1735 6
1733 1736 3
1733 1741 6
1734 1735 9
1734 1850 3
1735 1736 10
1735 1848 9
1735 1850 9
1735 1851 4
1736 1737 8
1736 1738 10
1736 1739 9
1736 1741 10
1737 1738 10
1737 1756 3
1737 1757 2
1737 1764 9
1737 1767 7
1737 1768 10
1737 1847 8
1738 1739 7
1739 1740 8
1739 1741 7
1739 1747 2
1740 1746 3
1740 1747 9
1742 1743 3
1742 1744 3
1742 1747 2
1743 1744 7
1743 1746 7
1743 1747 6
1745 1746 2
1745 1749 6
1745 1750 6
1746 1747 7
1748 1753 8
1748 1754 5
1748 1759 2
1751 1752 9
1751 1753 2
1752 1753 10
1753 1759 8
1754 1755 3
1754 1758 10
1754 1759 4
1754 1765 7
1755 1757 9
1755 1764 7
1755 1765 5
1756 1757 2
1757 1764 6
1758 1759 6
1758 1765 4
1760 1761 10
1760 1762 10
1760 1766 6
1760 1771 2
1761 1762 8
1762 1763 9
1762 1771 9
1763 1771 6
1763 1780 9
1763 1781 7
1763 1782 3
1764 1765 5
1764 1767 5
1766 1767 6
1766 1770 8
1766 1771 6
1767 1768 10
1767 1770 4
1768 1769 4
1768 1770 8
1768 1847 9
1769 1770 7
1769 1771 8
1769 1772 9
1769 1774 5
1770 1771 4
1771 1772 5
1771 1780 8
1772 1780 9
1773 1774 2
1773 1775 5
1773 1776 6
1774 1776 10
1775 1776 10
1775 1806 4
1775 1808 6
1775 1809 5
1776 1806 6
1777 1778 7
1777 1786 3
1778 1779 9
1778 1783 7
1778 1784 5
1778 1786 9
1779 1780 9
1779 1782 7
1779 1783 7
1780 1782 6
1781 1782 10
1781 1783 9
1782 1783 2
1783 1784 4
1784 1785 10
1784 1786 10
1784 1789 5
1785 1787 6
1785 1788 9
1785 1789 2
1785 1804 2
1785 1805 7
1786 1805 10
1787 1788 8
1787 1793 7
1787 1796 5
1787 1797 8
1787 1804 6
1788 1789 8
1788 1793 3
1788 1795 5
1789 1790 3
1789 1795 10
1790 1791 4
1791 1792 7
1791 1794 4
1792 1794 4
1793 1797 8
1793 1798 5
1796 1797 6
1796 1804 5
1797 1798 5
1799 1800 7
1800 1801 5
1800 1816 9
1801 1802 7
1801 1803 5
1801 1804 3
1801 1815 9
1801 1816 3
1802 1803 6
1802 1807 10
1802 1815 4
1803 1804 8
1803 1805 9
1804 1805 3
1806 1807 6
1806 1808 5
1806 1813 6
1807 1813 8
1808 1809 9
1808 1812 7
1808 1813 2
1809 1810 3
1809 1812 5
1809 1840 10
1810 1838 7
1810 1839 8
1810 1840 7
1811 1814 2
1811 1818 2
1811 1819 6
1811 1826 6
1811 1827 5
1811 1828 2
1811 1829 6
1812 1813 9
1812 1814 10
1812 1828 5
1814 1815 9
1814 1816 6
1814 1818 3
1814 1828 2
1815 1816 8
1816 1817 7
1816 1818 3
1817 1818 4
1817 1819 6
1817 1820 2
1817 1827 3
1818 1819 8
1819 1827 2
1820 1821 10
1820 1822 2
1820 1825 3
1820 1827 7
1821 1822 2
1822 1825 9
1823 1824 5
1823 1825 4
1824 1825 2
1826 1828 8
1826 1829 6
1827 1829 7
1830 1831 7
1830 1837 10
1830 1838 5
1831 1832 6
1831 1878 6
1832 1833 5
1832 1858 10
1832 1878 7
1833 1834 2
1833 1858 6
1834 1853 8
1834 1857 9
1834 1858 10
1835 1836 6
1835 1837 7
1835 1844 10
1835 1851 10
1835 1852 5
1836 1837 9
1836 1852 2
1836 1853 3
1837 1838 2
1837 1844 5
1838 1839 3
1838 1844 3
1839 1840 6
1840 1841 6
1840 1843 2
1841 1843 7
1842 1843 3
1842 1845 5
1842 1846 4
1844 1845 10
1844 1848 10
1844 1849 8
1844 1851 7
1845 1846 8
1845 1847 5
1845 1848 2
1845 1849 10
1846 1847 8
1847 1848 5
1848 1849 7
1848 1851 8
1850 1851 6
1850 1854 8
1852 1853 10
1853 1854 9
1853 1855 5
1853 1857 3
1854 1855 3
1855 1856 3
1855 1857 4
1856 1857 4
1856 1861 3
1857 1858 4
1857 1860 3
1857 1861 3
1858 1859 6
1858 1860 9
1858 1878 10
1859 1867 2
1859 1878 8
1859 1879 6
1860 1861 5
1861 1862 6
1861 1863 5
1861 1984 6
1862 1863 3
1862 1867 7
1862 1877 5
1863 1982 7
1863 1984 4
1864 1865 8
1864 1866 9
1864 1943 9
1865 1866 8
1865 1869 8
1865 1870 9
1865 1941 6
1865 1942 6
1865 1943 2
1866 1869 2
1866 1873 7
1866 1877 5
1867 1877 2
1868 1869 5
1868 1871 7
1868 1872 3
1870 1938 8
1870 1942 10
1871 1872 3
1871 1902 6
1871 1937 4
1871 1938 7
1872 1873 10
1872 1875 4
1872 1901 2
1872 1902 10
1873 1875 8
1873 1876 5
1873 1877 6
1874 1875 4
1874 1876 2
1875 1876 7
1875 1901 10
1876 1879 7
1878 1879 10
1880 1881 6
1880 1882 6
1881 1882 3
1881 1885 4
1882 1885 5
1883 1884 7
1884 1885 7
1884 1886 8
1884 1887 6
1884 1891 3
1885 1886 2
1886 1887 2
1887 1888 5
1887 1891 3
1888 1890 7
1888 1891 8
1888 1894 2
1889 1890 8
1889 1894 9
1890 1894 6
1891 1894 3
1891 1900 7
1892 1893 7
1892 1894 4
1892 1897 4
1892 1898 10
1892 1900 2
1893 1897 2
1893 1898 6
1894 1900 8
1895 1896 10
1895 1897 3
1895 1912 3
1896 1897 4
1896 1912 2
1898 1899 9
1898 1900 7
1898 1901 7
1898 1908 8
1898 1909 9
1899 1901 7
1899 1903 10
1900 1901 8
1901 1902 3
1901 1903 4
1902 1903 4
1902 1936 7
1903 1904 8
1903 1936 8
1904 1905 4
1904 1906 4
1904 1909 2
1904 1932 10
1904 1933 7
1904 1935 10
1905 1906 10
1905 1907 6
1905 1925 9
1906 1933 10
1907 1908 2
1907 1909 8
1907 1925 9
1908 1909 6
1908 1910 10
1908 1911 4
1908 1916 2
1908 1925 4
1910 1911 6
1910 1915 6
1910 1916 8
1910 1918 6
1911 1914 3
1912 1913 5
1912 1914 7
1913 1914 5
1913 1915 9
1915 1918 2
1916 1917 8
1916 1918 2
1916 1919 4
1916 1924 6
1917 1919 5
1917 1920 4
1917 1921 3
1917 1924 2
1918 1919 7
1919 1920 7
1920 1921 10
1920 1922 9
1920 1927 10
1920 1930 7
1921 1922 10
1921 1923 6
1921 1924 9
1922 1923 6
1922 1926 4
1922 1927 2
1923 1924 8
1923 1926 6
1924 1926 6
1926 1927 4
1927 1930 6
1928 1929 8
1928 1930 8
1928 1933 5
1928 1949 5
1929 1931 6
1929 1933 5
1929 1940 2
1929 1949 7
1930 1949 2
1930 2040 4
1931 1932 4
1931 1933 6
1931 1934 3
1931 1939 10
1931 1940 8
1932 1933 9
1932 1934 2
1932 1935 5
1934 1935 6
1934 1939 5
1935 1939 4
1936 1939 8
1937 1938 9
1937 1939 7
1938 1939 2
1938 1942 3
1939 1940 5
1939 1942 3
1940 1941 8
1940 1942 2
1940 1949 4
1941 1942 10
1941 1943 4
1941 1944 10
1941 1947 3
1943 1944 8
1944 1945 5
1944 1947 5
1944 1954 5
1945 1946 2
1945 1947 6
1945 1952 9
1946 1947 9
1946 1952 9
1947 1948 10
1948 1949 2
1948 1950 3
1950 1951 2
1951 1956 9
1952 1956 2
1953 1954 2
1955 1958 7
1955 1963 7
1956 1957 9
1957 1958 6
1957 2040 10
1958 1959 8
1958 1962 7
1958 1963 10
1959 1960 2
1959 1962 6
1960 1962 3
1960 2039 4
1961 1966 6
1962 1963 10
1963 1966 8
1964 1965 10
1964 1966 6
1964 1972 7
1965 1966 7
1965 1969 8
1965 1972 8
1965 1999 4
1966 2032 4
1967 1968 4
1967 1995 10
1967 2000 3
1967 2005 3
1968 1969 9
1968 1995 10
1968 2000 7
1969 1995 6
1969 1999 7
1970 1975 9
1970 1978 3
1970 1980 6
1970 1997 9
1971 1972 7
1971 1973 3
1971 1975 8
1972 1975 6
1972 1997 6
1972 1999 7
1973 1974 8
1973 1975 7
1973 1977 5
1974 1976 10
1974 1977 7
1974 1982 8
1975 1977 9
1975 1980 4
1975 1997 9
1976 1977 10
1976 1980 10
1976 1981 7
1976 1982 10
1977 1980 3
1978 1979 6
1978 1980 2
1978 1997 4
1979 1980 6
1979 1981 5
1979 1987 5
1979 1997 6
1980 1981 9
1981 1982 4
1981 1987 6
1982 1984 4
1983 1984 7
1983 1986 8
1983 1987 5
1984 1986 3
1985 1986 7
1985 1989 9
1985 1990 6
1986 1987 2
1988 1989 3
1988 1991 8
1988 1993 2
1988 1996 8
1989 1990 10
1989 1991 8
1991 1992 5
1991 2008 10
1992 2006 6
1992 2008 9
1993 1994 9
1993 1996 6
1993 2006 6
1994 1995 10
1994 1996 10
1995 1996 6
1995 1998 5
1995 1999 3
1996 1998 7
1997 1998 10
1997 1999 2
1998 1999 5
2000 2001 10
2000 2004 4
2000 2005 7
2001 2002 10
2001 2004 7
2002 2003 6
2002 2004 7
2002 2011 10
2002 2021 3
2002 2030 9
2003 2004 2
2003 2005 5
2003 2006 9
2003 2010 2
2003 2011 5
2004 2005 3
2005 2006 4
2006 2010 10
2007 2008 10
2007 2009 7
2007 2010 9
2009 2010 6
2009 2011 3
2009 2013 9
2009 2017 3
2010 2011 9
2011 2017 3
2011 2021 8
2012 2013 4
2012 2014 7
2012 2015 9
2012 2016 10
2012 2017 5
2013 2014 6
2013 2017 10
2015 2016 3
2016 2017 2
2016 2018 5
2016 2020 6
2017 2020 4
2018 2019 4
2018 2020 3
2018 2022 8
2018 2023 6
2019 2020 10
2019 2021 3
2019 2031 3
2021 2030 4
2021 2031 8
2022 2023 5
2023 2024 3
2024 2025 7
2024 2029 4
2025 2028 2
2025 2029 5
2026 2045 2
2027 2035 3
2028 2029 6
2028 2035 5
2030 2031 6
2030 2033 3
2032 2033 2
2032 2038 8
2033 2034 4
2033 2035 9
2033 2036 7
2033 2038 2
2033 2044 5
2034 2036 6
2034 2043 2
2034 2044 9
2035 2044 4
2036 2038 2
2036 2043 7
2037 2038 3
2037 2039 6
2037 2041 9
2039 2040 7
2039 2041 10
2040 2041 8
2040 2047 6
2041 2042 5
2041 2043 5
2041 2047 9
2042 2043 8
2042 2044 4
2043 2044 6
2046 2047 8
