2113 6632
0 463 5
0 697 6
1 14 2
2 1302 4
3 1387 4
4 626 7
4 2006 8
4 2024 5
5 164 8
5 1070 2
5 1264 3
5 1412 4
5 1567 8
5 1622 3
5 1760 10
5 1809 10
5 1848 2
6 16 9
6 304 4
6 535 9
6 789 7
6 1314 3
6 1544 8
6 2021 4
7 1080 5
8 79 5
8 802 6
8 1290 9
8 1303 4
8 1412 6
8 1462 9
8 1618 9
8 1622 6
8 1760 8
9 1503 4
9 1589 4
10 865 3
10 1334 7
11 1433 6
12 17 9
12 1175 6
12 2031 7
12 2088 2
13 311 9
14 953 3
14 1098 8
14 1135 5
14 1795 2
14 1909 3
15 1061 6
15 1355 4
15 1369 8
15 1539 10
15 1594 10
16 281 8
16 290 5
16 294 6
16 444 3
16 535 10
16 611 3
16 684 10
16 711 5
16 913 3
16 988 5
16 1302 4
16 1615 2
16 1737 6
16 2001 4
16 2009 7
17 37 4
17 51 3
17 86 10
17 161 7
17 178 8
17 197 2
17 215 9
17 217 4
17 299 7
17 312 2
17 342 8
17 395 8
17 413 2
17 419 10
17 432 10
17 456 2
17 470 6
17 553 5
17 582 4
17 604 5
17 613 9
17 618 7
17 653 5
17 655 9
17 687 5
17 704 8
17 804 9
17 857 4
17 863 3
17 894 2
17 899 4
17 922 4
17 1015 4
17 1021 10
17 1026 2
17 1039 5
17 1053 4
17 1089 9
17 1159 3
17 1164 5
17 1167 9
17 1175 7
17 1231 9
17 1233 5
17 1268 6
17 1284 2
17 1385 6
17 1406 5
17 1420 3
17 1430 2
17 1472 3
17 1506 8
17 1570 7
17 1591 4
17 1638 7
17 1645 4
17 1654 2
17 1665 3
17 1676 2
17 1743 10
17 1759 3
17 1807 8
17 1814 9
17 1820 8
17 1874 7
17 1876 7
17 1962 6
17 2017 7
17 2023 3
17 2031 4
17 2076 6
17 2088 5
17 2107 6
18 77 7
18 688 9
18 840 6
18 890 4
18 1509 4
18 1647 8
19 688 5
20 1427 10
21 154 5
21 1402 5
22 31 9
22 231 5
22 1355 7
22 1951 2
22 2082 9
23 70 8
23 141 8
23 245 9
23 246 4
23 282 5
23 330 6
23 375 5
23 385 9
23 428 8
23 533 5
23 534 9
23 556 2
23 695 4
23 746 9
23 946 6
23 988 5
23 1118 8
23 1197 3
23 1355 7
23 1475 9
23 1495 7
23 1535 10
23 1659 4
23 1744 2
23 1747 10
23 1957 10
24 138 10
24 260 9
24 385 5
24 531 8
24 533 7
24 784 3
24 1000 7
25 213 9
25 256 2
26 1248 7
27 702 4
27 966 7
28 428 4
28 1197 10
29 311 10
29 1252 6
30 103 6
30 171 2
30 186 6
30 208 5
30 273 4
30 280 9
30 305 2
30 401 8
30 407 4
30 433 2
30 542 9
30 663 8
30 859 9
30 935 9
30 976 8
30 1011 3
30 1023 4
30 1107 8
30 1109 4
30 1120 2
30 1244 5
30 1317 3
30 1399 4
30 1494 2
30 1517 6
30 1519 10
30 1576 4
30 1611 2
30 1706 3
30 1803 6
30 1806 10
30 1856 2
30 1889 2
30 1907 10
30 2006 6
30 2008 9
30 2069 6
31 52 10
31 152 2
31 198 7
31 204 5
31 231 3
31 233 9
31 279 4
31 393 5
31 475 4
31 515 5
31 556 6
31 592 9
31 618 4
31 733 8
31 763 8
31 816 4
31 819 5
31 856 10
31 873 4
31 887 3
31 895 8
31 942 8
31 1005 8
31 1105 5
31 1165 6
31 1327 3
31 1355 4
31 1443 8
31 1495 3
31 1535 2
31 1557 5
31 1571 4
31 1618 4
31 1660 6
31 1698 4
31 1737 3
31 1746 5
31 1799 4
31 1826 9
31 1839 2
31 1889 6
31 1951 3
31 1967 5
31 2015 8
31 2082 5
32 510 6
33 1553 5
34 1153 10
35 522 4
35 1732 3
36 779 9
37 79 3
37 178 5
37 273 9
37 539 3
37 586 3
37 608 5
37 618 3
37 651 9
37 719 10
37 805 6
37 841 2
37 850 10
37 912 4
37 944 4
37 1250 2
37 1359 7
37 1396 2
37 1430 10
37 1653 2
37 1807 9
37 1916 2
37 1975 4
37 2072 5
37 2092 3
37 2093 2
38 1849 8
39 491 8
39 593 6
39 841 10
39 1040 8
39 1166 6
39 1214 4
40 1157 6
41 1471 10
42 721 6
43 488 5
43 714 3
44 55 10
44 254 9
44 762 2
44 827 6
44 1518 7
45 483 3
46 264 10
46 616 2
46 647 5
46 895 9
46 1218 5
46 1263 8
47 613 4
48 53 2
48 79 8
48 134 9
48 476 7
48 746 4
48 802 2
48 1121 3
48 1484 10
48 1583 10
48 1618 5
48 1888 7
49 86 6
49 108 5
49 142 8
49 191 7
49 223 7
49 270 6
49 276 8
49 301 5
49 323 4
49 335 7
49 342 9
49 360 9
49 394 7
49 395 6
49 413 10
49 419 7
49 423 8
49 496 3
49 522 10
49 539 3
49 593 10
49 623 9
49 633 10
49 640 4
49 651 8
49 655 5
49 688 10
49 707 5
49 713 9
49 825 10
49 830 5
49 864 7
49 899 5
49 934 6
49 958 2
49 997 2
49 1021 10
49 1022 8
49 1026 3
49 1033 5
49 1039 7
49 1040 10
49 1053 6
49 1073 3
49 1089 6
49 1138 6
49 1166 10
49 1169 9
49 1182 6
49 1195 4
49 1229 7
49 1287 4
49 1300 4
49 1323 5
49 1375 5
49 1378 4
49 1472 4
49 1475 9
49 1499 4
49 1539 9
49 1570 7
49 1604 9
49 1635 3
49 1639 8
49 1645 4
49 1676 4
49 1689 7
49 1729 7
49 1756 3
49 1825 8
49 1876 5
49 1940 9
49 2007 10
49 2015 2
49 2025 9
49 2047 8
49 2052 5
49 2080 10
49 2088 2
50 1436 6
51 217 4
51 419 10
51 604 8
51 618 3
51 1026 9
51 1175 5
51 1403 9
51 1665 7
51 1807 8
51 1825 8
51 1979 2
51 2031 9
52 393 7
52 618 5
52 1355 2
52 1443 5
52 1737 5
52 1889 9
52 2082 5
53 293 9
53 476 9
53 636 2
53 825 5
53 1044 5
53 1048 2
53 1061 9
53 1118 5
53 1121 4
53 1189 8
53 1355 2
53 1484 2
53 1559 5
53 1779 6
53 1888 7
54 1642 4
55 137 3
55 305 7
55 377 3
55 422 3
55 471 5
55 494 7
55 609 10
55 739 10
55 750 2
55 984 10
55 1030 9
55 1296 7
55 1377 3
55 1399 9
55 1567 10
55 1686 4
55 1777 10
55 1807 10
56 227 3
56 293 2
56 407 8
56 546 8
56 746 5
56 945 4
56 967 9
56 988 2
56 1448 9
56 1592 4
56 1670 4
56 1779 7
56 1888 9
56 1949 4
56 2006 3
57 79 7
57 357 5
57 449 5
57 488 7
57 503 6
57 512 2
57 528 8
57 586 2
57 802 8
57 841 7
57 940 10
57 943 4
57 949 10
57 955 8
57 981 4
57 987 6
57 1154 2
57 1174 4
57 1205 10
57 1289 5
57 1377 6
57 1448 3
57 1536 8
57 1877 9
57 1901 6
57 2026 5
58 551 5
59 291 7
59 1214 7
60 864 8
61 1587 3
61 1800 3
62 154 2
62 714 9
62 1011 6
62 1976 7
63 187 7
63 611 9
63 907 8
64 827 3
64 1023 8
64 1114 8
64 1137 10
64 1722 5
65 522 3
65 1837 4
66 1200 4
67 1823 7
68 510 8
69 1758 4
70 533 9
70 1092 10
70 1197 5
70 1352 8
70 1857 10
71 366 7
72 748 4
72 1291 6
73 407 5
74 205 2
74 408 4
74 440 10
74 901 8
74 969 3
74 1005 3
74 1035 6
74 1045 10
74 1183 7
74 1617 6
74 1788 4
75 167 9
75 733 7
75 938 4
75 1068 5
75 1121 10
75 1501 2
75 1795 4
75 1909 7
75 1957 5
76 746 5
77 890 5
78 276 7
79 119 10
79 224 5
79 246 6
79 269 4
79 276 10
79 358 6
79 385 3
79 393 2
79 396 9
79 435 7
79 449 8
79 586 6
79 608 5
79 617 10
79 652 9
79 711 2
79 720 4
79 805 5
79 848 7
79 849 3
79 896 10
79 912 5
79 981 10
79 1006 5
79 1099 8
79 1148 5
79 1205 9
79 1289 9
79 1355 5
79 1383 6
79 1418 10
79 1438 8
79 1536 9
79 1622 7
79 1772 10
79 1785 10
79 1819 8
79 1823 5
79 1849 5
79 1865 10
79 1901 4
79 2095 8
79 2096 9
80 107 10
80 334 4
80 1681 3
80 2038 5
81 200 8
81 216 4
81 1707 8
82 558 4
82 1018 5
82 1372 6
83 1005 5
83 1470 2
84 820 6
84 1518 5
84 2089 10
85 278 7
85 1325 2
86 184 3
86 217 10
86 604 7
86 618 3
86 1026 8
86 1175 2
86 1403 5
86 1665 3
86 1807 8
86 1825 7
86 1979 4
86 2031 2
86 2107 7
87 702 4
87 928 4
87 966 7
87 1658 3
88 1403 3
89 228 2
89 294 4
89 317 9
89 370 8
89 428 2
89 463 6
89 482 7
89 556 8
89 697 9
89 991 3
89 1311 6
89 1439 6
89 1449 10
89 1726 4
89 1809 3
89 2096 4
90 450 5
91 373 8
92 367 2
92 569 10
92 649 9
92 774 6
92 981 6
92 1032 8
92 1177 5
92 1536 10
93 1589 4
94 185 4
94 258 8
94 341 8
94 350 8
94 501 3
94 599 4
94 653 2
94 929 2
94 941 7
94 966 3
94 1097 3
94 1194 4
94 1202 5
94 1450 10
94 1538 7
94 1598 2
94 1842 2
95 763 6
95 1535 9
96 1165 7
97 140 10
97 291 3
97 494 6
97 1961 10
98 154 10
98 401 9
99 494 6
99 1468 6
100 848 4
100 2096 7
101 938 9
101 946 4
101 1485 5
101 1512 8
102 223 4
102 2007 10
103 213 2
103 1300 8
103 1543 10
103 1856 6
104 985 2
104 1382 9
105 285 6
105 421 4
106 2077 3
107 213 3
108 276 7
108 342 3
108 707 7
108 825 10
108 1033 7
108 1195 5
108 1300 10
108 1375 8
108 1475 9
108 1499 10
108 1639 6
108 2007 4
108 2015 5
109 1122 7
109 2072 5
110 1672 5
111 461 8
111 472 8
111 929 9
112 1693 7
113 882 10
113 1077 5
113 1870 7
114 246 10
114 1128 8
114 1253 6
115 618 8
116 1120 6
116 2071 9
117 1217 8
117 1672 7
118 739 9
118 1848 3
119 604 2
119 981 4
119 986 2
119 1126 7
119 1391 10
119 1536 6
119 1849 10
119 1870 7
119 1927 8
119 2096 6
120 136 2
120 154 4
120 440 6
120 774 10
120 895 3
120 992 8
120 1045 7
121 1214 10
122 1262 2
122 1607 10
123 294 6
123 370 5
123 428 4
123 463 5
123 482 10
123 556 10
123 697 6
123 706 3
123 991 3
123 1070 7
123 1311 2
123 1656 3
123 1726 9
123 1809 6
123 1966 5
123 2044 4
123 2096 8
124 1813 4
125 252 5
125 304 6
125 648 9
125 759 2
125 1164 4
125 1205 4
125 1543 4
125 1792 2
126 554 10
126 733 5
126 1193 7
126 1456 7
126 1957 5
127 293 7
127 316 7
127 1023 3
127 1290 4
127 1760 5
128 1848 9
129 1040 5
129 1550 2
129 1644 8
130 517 4
130 1225 5
130 1346 7
131 911 3
132 1614 9
132 1891 2
133 782 7
133 1197 2
134 1185 9
134 1196 9
134 1661 10
135 285 4
135 921 6
136 205 8
136 276 9
136 351 5
136 408 4
136 440 6
136 499 8
136 901 2
136 969 7
136 981 10
136 1035 8
136 1045 5
136 1066 2
136 1183 5
136 1536 6
136 1617 6
136 1788 3
136 1849 5
137 1777 10
138 852 8
139 208 7
139 273 10
139 841 6
139 1244 3
141 967 5
141 988 5
141 1754 10
141 1824 5
142 350 5
142 355 2
142 393 5
142 464 7
142 539 9
142 590 9
142 593 4
142 618 7
142 633 9
142 651 6
142 693 9
142 713 8
142 783 6
142 888 10
142 959 10
142 1053 5
142 1166 6
142 1208 3
142 1235 9
142 1236 2
142 1486 2
142 1635 3
142 1729 10
142 1737 3
142 1851 4
142 1889 4
142 1919 8
142 2052 2
143 367 7
144 677 6
145 372 10
145 1094 7
145 1441 10
145 1598 9
146 688 3
147 371 5
148 450 4
148 715 4
148 866 2
148 1072 10
148 1353 4
149 223 2
149 1075 6
149 1777 6
150 546 9
150 1433 3
151 258 2
151 369 4
151 875 4
151 1655 8
152 393 5
152 618 4
152 942 8
152 1355 10
152 1443 3
152 1580 7
152 1737 7
152 1889 10
152 2082 9
153 645 4
153 1333 8
153 1816 10
153 1970 10
153 1991 4
154 168 9
154 172 5
154 219 7
154 245 10
154 267 9
154 283 10
154 305 4
154 319 7
154 342 10
154 351 4
154 363 8
154 392 4
154 401 10
154 414 10
154 463 9
154 499 8
154 597 5
154 613 5
154 640 7
154 721 6
154 728 2
154 823 9
154 870 6
154 889 6
154 912 9
154 977 3
154 984 8
154 992 8
154 1045 3
154 1055 2
154 1066 2
154 1081 9
154 1096 4
154 1109 9
154 1123 6
154 1126 3
154 1178 8
154 1183 2
154 1300 10
154 1346 8
154 1387 2
154 1469 2
154 1490 8
154 1611 3
154 1701 8
154 1702 10
154 1804 5
154 1806 8
154 1821 5
154 1889 3
154 1904 9
154 1907 5
154 1943 6
154 2006 3
154 2071 3
155 168 6
156 765 2
156 1482 8
157 593 3
157 2056 2
158 2080 5
159 986 9
159 1849 8
160 371 9
160 973 3
160 1166 4
160 2052 9
161 863 9
161 1026 7
161 1175 8
161 2031 5
162 1153 6
163 913 4
163 1888 10
164 252 8
164 385 10
164 410 5
164 481 8
164 512 5
164 592 6
164 820 2
164 1000 4
164 1252 5
164 1273 9
164 1290 9
164 1488 10
164 1495 2
164 1535 7
164 1536 9
164 1541 7
164 1567 7
164 1578 7
164 1622 3
164 1695 9
164 1760 7
164 1848 10
164 1912 5
164 2082 10
165 366 10
166 396 8
166 1565 8
166 1717 5
167 306 5
167 733 5
167 938 4
167 985 6
167 1121 10
167 1304 3
167 1484 10
167 1795 6
167 1888 9
167 1909 9
167 1949 7
167 1957 9
168 370 6
168 598 7
168 739 7
168 879 10
168 895 10
168 905 5
168 937 3
168 1024 5
168 1075 9
168 1096 9
168 1300 4
168 1487 2
168 1578 6
168 1803 7
168 1848 9
168 2060 6
169 995 3
169 1835 9
169 1985 10
170 508 2
170 604 9
170 1248 9
170 1479 5
171 254 4
171 607 8
171 1629 9
171 1803 2
172 976 5
173 646 8
174 883 6
174 1070 3
174 1179 8
174 1522 4
174 1622 2
175 618 10
175 1040 5
175 1550 8
175 1644 6
176 895 5
176 1315 2
177 622 9
177 836 6
178 222 10
178 245 8
178 247 6
178 342 4
178 385 2
178 447 2
178 542 4
178 604 2
178 608 2
178 613 2
178 618 5
178 646 3
178 657 10
178 697 3
178 860 5
178 872 2
178 1298 8
178 1359 2
178 1430 8
178 1488 9
178 1494 6
178 1523 2
178 1543 4
178 1578 6
178 1653 7
178 1807 3
178 1891 7
178 1938 9
178 1989 5
179 401 5
180 1012 3
181 285 7
182 633 9
182 1609 2
183 1491 5
184 208 7
184 419 2
184 653 7
184 655 10
184 804 2
184 863 5
184 1021 2
184 1039 3
184 1089 9
184 1159 2
184 1268 2
184 1385 10
184 1472 8
184 1570 4
184 1645 9
184 2017 7
184 2088 10
186 982 6
186 1515 7
186 1856 10
186 1889 4
187 240 5
187 247 7
187 907 9
187 1391 5
187 1595 8
187 1934 10
188 510 6
189 800 7
189 981 4
189 1174 6
189 1210 9
189 1273 7
189 1536 10
189 1957 9
190 1128 3
191 276 9
191 342 6
191 707 8
191 825 10
191 1033 8
191 1300 4
191 1323 8
191 1475 5
191 1499 4
191 1639 7
191 2015 8
192 241 4
192 633 9
192 1378 5
192 1915 7
193 688 5
194 510 7
195 318 2
195 1171 6
195 1630 9
195 1823 8
195 1846 4
195 1902 7
196 305 10
196 1023 6
196 1290 2
196 1532 5
196 1620 3
196 1622 5
196 1659 4
196 1809 6
196 1848 10
196 1865 4
196 1918 7
197 217 3
197 479 9
197 604 8
197 863 2
197 1089 5
197 1164 7
197 1175 6
197 1403 8
197 1665 5
198 393 5
198 618 5
198 1355 8
198 1737 3
198 1889 8
198 2082 10
199 1954 8
200 391 4
200 1707 3
201 1501 3
202 233 2
202 329 9
202 556 6
202 609 2
202 895 10
202 1005 10
202 1019 4
202 1495 6
202 1967 10
203 290 8
203 1302 2
203 1381 10
203 1443 6
203 2049 7
205 440 5
205 774 7
205 969 2
205 992 6
205 1788 7
205 1816 6
206 1151 7
206 1413 10
206 1642 5
207 311 5
207 1252 6
207 1912 6
207 2021 5
207 2104 9
208 305 2
208 384 7
208 463 3
208 714 2
208 912 5
208 1047 10
208 1120 8
208 1142 8
208 1399 9
208 1493 5
208 1856 6
208 1889 6
208 1910 4
208 1943 4
208 2071 9
208 2075 3
209 2062 4
210 512 10
210 1877 2
211 1553 7
212 564 10
212 618 3
212 1308 9
212 1517 6
213 218 7
213 252 3
213 304 8
213 446 5
213 759 8
213 886 7
213 951 5
213 1105 9
213 1164 5
213 1205 10
213 1429 10
213 1477 6
213 1534 2
213 1543 6
213 1681 9
213 1706 5
213 1792 6
213 1811 8
213 1897 2
213 2038 8
214 331 9
215 217 4
215 238 3
215 604 7
215 618 9
215 863 9
215 1026 2
215 1175 4
215 1195 5
215 1268 8
215 1403 9
215 1665 2
215 1807 3
215 1825 7
215 1979 4
215 2017 4
215 2023 9
215 2031 10
216 445 6
216 674 10
216 913 3
216 1414 9
216 1736 10
216 1748 5
217 293 10
217 316 4
217 342 5
217 419 7
217 542 10
217 582 8
217 653 3
217 655 3
217 863 2
217 899 6
217 1021 3
217 1026 4
217 1039 10
217 1089 3
217 1159 10
217 1167 8
217 1231 9
217 1284 2
217 1385 5
217 1420 2
217 1472 5
217 1506 4
217 1570 2
217 1645 5
217 1676 8
217 1743 9
217 1807 3
217 1876 4
217 1888 6
217 1989 5
217 2017 7
217 2084 2
217 2088 9
217 2107 6
218 252 4
218 304 5
218 759 10
218 1164 7
218 1205 6
218 1792 10
218 1811 3
220 1849 8
221 1229 4
222 245 2
222 250 9
222 385 3
222 618 8
222 657 6
222 697 6
222 1086 7
222 1488 3
222 1536 4
222 1578 7
222 1665 8
222 1807 2
222 1914 2
222 1938 10
222 1997 9
222 2071 10
222 2092 3
223 276 5
223 342 7
223 600 6
223 707 5
223 825 4
223 864 7
223 1033 6
223 1195 4
223 1281 7
223 1296 9
223 1300 3
223 1375 10
223 1475 7
223 1482 7
223 1499 10
223 1639 2
223 1777 3
223 2007 4
223 2015 9
224 721 5
224 995 10
224 1424 9
224 1905 8
224 1931 10
225 310 2
225 510 5
225 675 10
225 775 8
225 1350 5
225 2068 8
226 463 2
226 1055 5
226 1219 5
226 1697 10
226 1701 3
227 1670 2
228 290 6
228 471 10
228 482 10
228 585 3
228 718 9
228 768 5
228 852 10
228 1381 8
228 1449 3
228 1542 3
228 1780 8
228 1930 5
228 1945 5
229 475 4
230 2041 4
231 393 3
231 475 7
231 618 9
231 1355 5
231 1443 2
231 1737 7
231 1889 10
231 2082 2
232 1260 3
233 359 4
233 361 2
233 756 7
233 1137 6
233 1495 2
233 1967 3
234 1567 10
235 429 2
235 1816 5
236 359 10
236 546 5
236 636 9
236 1600 10
236 1637 7
237 1659 6
238 1089 5
239 1800 7
240 385 2
240 1934 9
241 252 3
241 361 10
241 520 8
241 524 8
241 542 10
241 613 5
241 618 2
241 646 9
241 697 4
241 822 8
241 839 3
241 910 5
241 1129 8
241 1289 7
241 1360 7
241 1378 2
241 1427 2
241 1430 4
241 1508 4
241 1517 5
241 1586 3
241 1600 4
241 1665 6
241 1706 2
241 1716 9
241 1803 2
241 1856 8
241 1861 8
241 1935 6
241 1954 5
241 2044 4
241 2046 9
242 341 10
243 522 7
243 1040 3
243 1210 9
243 1909 5
244 911 8
244 1013 4
244 1760 3
244 2082 5
245 261 7
245 305 2
245 392 6
245 442 8
245 463 9
245 493 10
245 832 2
245 892 10
245 912 6
245 988 6
245 1020 2
245 1300 6
245 1488 2
245 1493 4
245 1517 10
245 1532 10
245 1578 6
245 1744 10
245 1821 10
245 1836 7
245 1881 7
245 1938 5
245 1979 7
245 2024 10
246 295 6
246 309 8
246 313 4
246 417 4
246 474 2
246 546 10
246 631 4
246 636 6
246 896 5
246 985 5
246 1100 8
246 1121 8
246 1124 10
246 1128 5
246 1253 3
246 1355 10
246 1362 9
246 1581 7
246 1600 3
246 1959 6
246 1967 6
247 860 2
247 907 10
247 1595 7
248 377 8
248 1211 9
249 1617 4
250 453 3
250 792 8
250 879 9
250 1005 2
250 1589 8
250 1744 5
250 1760 4
250 1824 2
250 2071 9
251 558 7
251 1197 7
251 1318 10
252 304 10
252 361 6
252 446 8
252 512 7
252 602 6
252 759 10
252 951 10
252 1023 2
252 1164 6
252 1205 4
252 1252 3
252 1273 3
252 1290 8
252 1313 6
252 1376 8
252 1543 10
252 1577 4
252 1685 5
252 1753 8
252 1792 8
252 1796 5
252 1809 8
252 1811 8
252 1848 4
252 1856 4
252 1897 7
252 1912 6
252 2027 7
252 2046 10
253 319 4
253 714 8
253 1051 4
253 1162 3
253 1387 4
253 1404 7
253 1493 3
253 1889 8
253 2071 9
254 526 6
254 1803 4
255 258 10
255 1946 10
256 463 2
256 749 8
257 618 5
257 1040 7
257 1550 4
257 1644 3
258 301 7
258 308 3
258 325 4
258 342 5
258 350 7
258 457 4
258 494 4
258 550 7
258 606 8
258 609 3
258 660 6
258 739 9
258 813 10
258 821 7
258 966 7
258 984 4
258 1043 8
258 1079 3
258 1140 9
258 1221 9
258 1251 8
258 1364 2
258 1377 7
258 1567 9
258 1598 5
258 1694 4
258 1719 9
258 1769 4
258 1807 8
258 1880 6
258 1955 4
258 2030 2
258 2035 5
259 618 8
259 1040 4
259 1550 6
259 1644 8
260 2096 7
261 984 7
261 1377 10
261 1807 6
262 479 5
262 1784 6
263 1485 6
264 616 4
264 1218 9
264 1263 7
265 709 8
265 1783 3
266 1875 2
267 640 3
267 1017 8
268 1581 8
269 276 10
269 385 7
269 393 6
269 396 10
269 406 9
269 981 7
269 1377 7
269 1536 7
269 1849 3
269 2096 2
270 522 10
270 2002 3
271 1269 6
271 1578 5
272 1482 10
272 2005 3
273 280 2
273 841 10
273 1244 7
273 1270 4
273 1543 5
273 1653 2
273 1706 10
273 1889 7
273 2095 4
274 457 8
275 1200 4
276 323 8
276 335 6
276 342 8
276 360 7
276 385 6
276 423 10
276 496 3
276 623 8
276 707 3
276 825 6
276 830 10
276 864 5
276 943 9
276 958 2
276 981 6
276 986 2
276 997 9
276 1022 7
276 1033 3
276 1073 10
276 1148 6
276 1169 9
276 1195 3
276 1229 2
276 1287 5
276 1300 9
276 1323 8
276 1375 9
276 1377 6
276 1475 2
276 1499 2
276 1539 10
276 1604 10
276 1639 4
276 1689 10
276 1756 7
276 1798 3
276 1823 3
276 1825 7
276 1849 7
276 1865 5
276 2007 5
276 2015 2
276 2025 10
276 2047 2
276 2080 8
276 2096 8
277 407 4
277 1027 2
277 1196 9
277 1448 7
278 287 3
278 418 2
278 562 6
278 671 2
278 869 5
278 972 5
278 1091 6
278 1191 6
278 1325 5
278 1572 2
278 1593 5
279 393 2
279 618 8
279 1165 10
279 1355 4
279 1737 6
279 1889 3
279 2082 8
280 1244 4
280 1517 5
280 1889 9
281 1544 6
282 357 9
282 1355 7
282 1600 4
282 2090 7
283 1469 5
284 1753 2
284 1809 4
284 2006 7
285 350 8
285 368 3
285 421 8
285 507 6
285 790 2
285 803 2
285 863 8
285 1471 5
285 1598 8
285 2048 10
285 2053 7
286 301 3
287 1325 3
288 1129 2
289 613 9
290 294 9
290 324 6
290 585 3
290 611 8
290 667 9
290 845 10
290 1030 10
290 1302 7
290 1340 5
290 1381 6
290 1516 3
290 1708 10
290 1737 8
290 1866 7
290 1945 7
290 2094 10
291 1214 7
292 1378 3
293 316 8
293 407 6
293 746 5
293 750 10
293 825 4
293 836 4
293 838 5
293 945 9
293 988 10
293 1009 7
293 1050 5
293 1061 6
293 1185 9
293 1204 5
293 1304 2
293 1355 8
293 1433 4
293 1484 5
293 1565 9
293 1585 5
293 1592 6
293 1636 10
293 1659 2
293 1661 10
293 1670 4
293 1750 8
293 1888 4
294 370 10
294 371 10
294 385 8
294 428 4
294 463 8
294 482 2
294 535 9
294 556 9
294 561 5
294 611 8
294 667 10
294 697 8
294 707 7
294 711 7
294 991 10
294 1030 9
294 1291 6
294 1302 2
294 1311 5
294 1726 2
294 1737 9
294 1809 9
294 2009 10
294 2044 6
294 2096 7
295 711 9
295 1128 6
296 385 4
296 447 10
296 581 6
296 754 3
296 1407 8
296 1488 10
297 1426 4
298 1404 4
299 419 3
299 823 3
299 912 2
299 1399 5
299 1517 8
299 1706 10
299 1856 8
300 498 9
300 1043 9
301 342 5
301 494 7
301 591 2
301 593 10
301 609 2
301 633 5
301 688 4
301 713 7
301 739 5
301 869 8
301 939 9
301 984 7
301 1040 8
301 1166 9
301 1309 10
301 1364 3
301 1377 10
301 1380 4
301 1423 8
301 1567 10
301 1719 3
301 1729 3
301 1769 6
301 1786 2
301 1807 5
302 1494 7
303 1197 6
304 446 7
304 459 7
304 535 6
304 610 2
304 759 9
304 886 9
304 917 4
304 919 8
304 951 6
304 1027 6
304 1030 3
304 1164 3
304 1205 8
304 1320 7
304 1524 8
304 1534 2
304 1543 3
304 1544 6
304 1546 8
304 1774 7
304 1792 10
304 1811 6
304 1968 2
304 2001 3
304 2021 4
305 377 4
305 422 2
305 463 9
305 471 6
305 494 3
305 517 2
305 539 8
305 609 3
305 656 3
305 721 6
305 739 9
305 750 2
305 870 5
305 912 8
305 984 3
305 1030 4
305 1106 5
305 1292 2
305 1361 2
305 1377 9
305 1399 2
305 1442 10
305 1532 10
305 1567 6
305 1650 6
305 1653 3
305 1659 10
305 1767 9
305 1806 7
305 1807 4
305 1889 3
305 1918 6
305 1939 4
305 1996 4
305 2006 2
305 2071 9
306 554 3
306 733 4
306 938 9
306 1119 10
306 1481 8
306 1501 9
306 1795 5
306 1909 7
306 1957 7
307 613 2
308 1694 2
309 573 4
309 807 3
309 825 2
309 1082 4
309 1171 3
309 1201 5
309 1355 4
309 1455 2
309 1525 7
309 1637 3
309 1661 4
309 1779 8
309 1858 8
309 1907 2
309 2110 5
310 510 4
311 382 7
311 481 5
311 584 10
311 745 10
311 878 6
311 975 2
311 1844 9
311 1989 4
311 2021 6
312 863 2
312 1026 10
312 1175 4
312 1665 9
312 1979 6
312 2031 2
313 1121 4
313 1330 6
313 1394 2
313 1581 3
313 1967 3
313 2092 8
314 1306 6
315 914 8
315 1848 6
316 849 10
316 1585 6
316 2096 2
319 463 7
319 1162 8
319 1300 3
319 1387 2
319 1889 9
319 2071 2
320 702 10
320 966 3
320 1155 7
321 1635 10
322 563 4
322 1749 5
323 342 7
323 707 8
323 825 2
323 1033 2
323 1300 6
323 1475 6
323 1499 2
323 1639 5
323 2015 5
325 1769 8
326 739 3
327 599 2
327 630 9
327 676 6
327 705 3
327 1097 2
327 1202 8
327 1384 6
327 1453 4
327 1553 4
327 1564 10
327 1705 2
327 1725 6
327 1960 7
328 1443 8
329 1019 6
329 1535 3
330 435 10
330 546 7
330 610 6
330 722 5
330 988 7
330 1125 9
330 1143 7
330 1464 8
331 461 8
331 463 10
331 697 5
331 926 7
331 929 6
331 1166 7
331 1301 5
331 1453 8
331 1730 2
331 1903 3
331 1964 3
332 1840 3
333 618 5
333 1007 10
333 1040 8
333 1446 2
333 1543 9
333 1550 3
333 1553 10
333 1644 10
333 1769 8
333 1972 6
335 342 9
335 707 2
335 825 2
335 1033 5
335 1300 5
335 1475 6
335 1499 2
335 1639 5
335 1761 8
335 2007 6
335 2015 2
336 2087 10
337 1171 7
338 1923 8
339 2041 7
340 767 4
340 1800 5
341 689 4
341 1163 9
341 1202 9
341 1446 5
341 1471 4
341 1553 6
341 1729 3
341 1769 10
341 1842 4
341 2056 9
342 360 8
342 423 4
342 496 10
342 542 7
342 604 7
342 608 10
342 609 10
342 613 8
342 618 9
342 623 2
342 697 3
342 707 3
342 825 8
342 830 4
342 864 4
342 958 10
342 984 3
342 997 3
342 1022 8
342 1033 7
342 1073 10
342 1169 10
342 1195 7
342 1229 2
342 1287 9
342 1300 6
342 1323 10
342 1359 2
342 1375 7
342 1475 5
342 1499 4
342 1539 4
342 1604 6
342 1639 4
342 1665 6
342 1672 5
342 1689 4
342 1756 10
342 1776 4
342 1807 9
342 1825 2
342 1849 8
342 1870 2
342 1891 2
342 2007 2
342 2015 7
342 2025 8
342 2047 8
342 2080 5
342 2084 3
343 463 3
343 1399 8
344 1377 9
345 485 6
345 490 8
346 1403 8
346 1806 5
347 724 6
347 1453 6
348 1680 8
349 407 5
349 560 10
349 695 6
349 825 2
349 874 10
349 1121 10
349 1196 2
349 1484 7
349 1884 3
349 1888 10
349 2093 5
350 355 10
350 372 6
350 464 8
350 501 7
350 590 3
350 618 3
350 693 7
350 783 10
350 888 7
350 941 4
350 1195 7
350 1208 10
350 1450 7
350 1486 8
350 1497 2
350 1598 2
350 1845 7
350 1851 2
350 1889 10
351 440 7
351 499 7
351 774 9
351 992 3
351 1804 5
352 1030 3
352 1311 9
353 1795 2
353 1909 9
354 356 7
354 1531 7
354 2096 5
355 1208 9
356 1958 8
357 528 8
357 750 8
357 988 3
357 1312 4
357 1355 5
357 1448 10
357 1888 8
357 2090 5
358 730 3
358 1006 5
358 1122 8
358 1205 3
358 1377 10
358 1748 7
358 2072 10
359 407 6
359 967 9
359 1600 8
359 1957 10
360 707 8
360 825 7
360 864 10
360 1033 5
360 1195 9
360 1300 3
360 1475 6
360 1499 8
360 1639 7
360 2007 8
360 2015 10
361 756 7
361 763 6
361 1289 4
361 1495 4
361 1600 6
361 1636 4
361 1731 9
361 1738 2
361 1803 6
361 1856 3
361 1935 10
361 2044 8
361 2046 10
362 1849 5
363 1490 3
363 1976 2
364 2041 2
365 2065 7
366 1205 8
366 1416 3
366 1546 9
366 1792 6
366 1819 10
367 569 2
367 811 8
367 992 5
367 1032 3
367 1590 6
369 1046 5
369 1140 3
369 1492 2
370 371 7
370 428 6
370 463 10
370 475 4
370 482 9
370 556 3
370 697 3
370 739 7
370 879 4
370 991 9
370 1024 10
370 1069 2
370 1232 5
370 1291 9
370 1311 9
370 1375 4
370 1431 10
370 1578 5
370 1656 7
370 1726 8
370 1777 8
370 1809 4
370 1811 4
370 1969 4
370 2005 10
370 2044 7
370 2096 6
371 463 6
371 482 10
371 556 9
371 586 9
371 697 6
371 839 3
371 950 2
371 973 2
371 991 5
371 1216 4
371 1311 6
371 1619 7
371 1739 10
371 1808 2
371 1809 6
371 1990 3
371 2044 10
371 2096 5
372 491 5
372 863 3
372 1094 8
372 1441 3
372 1598 8
372 2078 5
373 713 10
374 777 3
374 981 8
374 1033 9
374 1181 2
374 1276 5
374 1430 6
374 1457 5
374 1683 9
375 1501 8
376 1335 8
376 2077 6
377 422 10
377 471 9
377 494 2
377 517 3
377 609 3
377 656 4
377 739 5
377 750 6
377 984 2
377 1030 9
377 1106 7
377 1211 5
377 1276 2
377 1292 8
377 1377 9
377 1399 5
377 1442 3
377 1567 7
377 1650 10
377 1807 3
377 1939 4
377 1996 2
378 1849 2
379 513 5
380 1642 4
381 631 4
381 711 3
382 1252 3
383 1845 5
384 694 6
384 912 5
384 1120 8
384 1625 5
384 1889 6
384 2061 8
385 393 4
385 396 3
385 447 9
385 449 2
385 481 5
385 611 9
385 711 8
385 943 6
385 981 10
385 1005 9
385 1006 8
385 1030 2
385 1174 4
385 1197 10
385 1205 7
385 1224 10
385 1255 10
385 1289 10
385 1298 8
385 1377 4
385 1398 10
385 1439 9
385 1536 8
385 1578 6
385 1737 8
385 1744 5
385 1849 10
385 2096 3
386 573 7
387 633 7
387 966 6
387 1010 8
387 1161 4
387 1163 8
387 1538 7
387 1940 9
388 1744 6
389 1800 3
390 1818 3
392 401 4
392 463 4
392 984 6
392 1300 9
392 1671 10
392 1701 8
392 1889 6
392 2071 2
393 475 9
393 515 10
393 618 7
393 794 6
393 816 9
393 819 7
393 856 4
393 873 3
393 887 6
393 942 6
393 981 4
393 1148 6
393 1165 10
393 1184 2
393 1224 4
393 1293 7
393 1327 7
393 1355 3
393 1377 8
393 1443 4
393 1557 2
393 1571 6
393 1660 9
393 1737 10
393 1746 7
393 1799 9
393 1823 2
393 1826 2
393 1839 2
393 1849 4
393 1865 8
393 1889 10
393 1951 2
393 2082 7
393 2096 7
394 1166 9
395 863 2
395 1026 9
395 1175 5
395 1876 10
395 2031 8
396 740 5
396 943 9
396 1102 8
396 1205 7
396 1275 5
396 1536 9
396 1565 5
396 1840 6
396 1891 10
396 1912 5
396 2096 5
397 1488 8
397 1595 2
398 1446 2
399 895 3
400 1432 10
401 463 6
401 595 4
401 721 4
401 859 4
401 870 6
401 908 10
401 912 6
401 935 8
401 976 8
401 1011 5
401 1121 2
401 1179 5
401 1203 10
401 1270 6
401 1403 9
401 1517 7
401 1608 10
401 1706 3
401 1767 5
401 1916 3
401 1976 3
401 2006 2
402 518 9
403 1346 6
404 1198 4
405 652 10
406 1849 7
407 474 8
407 484 5
407 647 8
407 695 4
407 750 9
407 789 9
407 806 2
407 825 9
407 849 7
407 1023 6
407 1027 4
407 1244 9
407 1304 9
407 1512 6
407 1581 6
407 1779 3
407 1816 8
407 1829 9
407 1871 5
407 1888 4
407 1935 6
407 1949 2
408 440 7
408 774 6
408 895 4
408 992 5
408 1816 7
408 1849 4
409 533 6
409 545 8
409 1927 4
410 799 2
410 995 8
410 1232 7
410 1290 8
410 1424 4
410 1444 4
410 1809 7
410 1835 4
410 1931 3
411 556 3
411 2044 9
412 638 10
413 653 6
413 1026 10
413 1175 4
413 1665 3
413 1807 5
413 1979 7
413 2031 10
415 1282 2
416 1152 4
416 1807 2
417 541 6
417 636 10
417 742 8
417 988 8
417 1436 8
417 1818 6
417 1824 3
417 1883 9
419 470 5
419 582 4
419 604 8
419 618 7
419 653 10
419 655 10
419 1026 2
419 1053 7
419 1175 7
419 1195 2
419 1403 3
419 1506 5
419 1645 6
419 1665 9
419 1807 4
419 1820 8
419 1825 8
419 1876 2
419 1962 8
419 1979 7
419 2031 8
419 2088 9
420 618 8
420 646 5
420 1214 9
420 1543 10
420 1807 4
420 1961 6
421 1504 9
422 471 6
422 494 2
422 609 2
422 739 9
422 750 10
422 984 6
422 1030 6
422 1070 9
422 1377 9
422 1399 10
422 1567 4
422 1807 6
423 707 9
423 825 7
423 1033 6
423 1195 7
423 1300 8
423 1475 10
423 1499 9
423 1639 4
423 2007 10
423 2015 3
424 1642 7
425 486 8
425 1012 3
426 1349 4
426 1362 3
426 1882 5
427 429 4
427 774 3
427 1816 4
427 1991 8
428 463 5
428 482 9
428 556 8
428 622 9
428 697 2
428 716 10
428 967 5
428 991 5
428 1143 4
428 1311 2
428 1449 6
428 1559 4
428 1565 4
428 1726 8
428 1809 8
428 2044 2
428 2096 2
429 974 9
430 810 6
430 851 6
430 1042 6
430 1065 9
430 1177 5
431 677 5
432 1026 9
432 1175 9
432 1665 5
432 1876 5
432 2031 4
433 463 3
433 542 10
433 1476 8
433 1894 6
434 1227 6
434 1430 3
435 646 9
435 981 9
435 1205 8
435 1289 8
435 1849 8
436 721 5
436 1232 9
437 621 5
437 1349 3
437 1517 9
437 1706 4
437 1882 7
437 2027 2
438 1344 5
438 1947 7
439 1145 6
440 774 8
440 895 10
440 901 4
440 969 5
440 1012 4
440 1035 6
440 1045 2
440 1066 8
440 1183 6
440 1544 5
440 1617 4
440 1752 6
440 1788 7
440 1816 5
440 1849 5
441 503 8
442 633 5
442 1488 6
442 1938 3
443 660 10
443 741 10
443 1609 4
443 2031 3
444 711 5
444 1558 3
444 1737 2
445 913 10
445 1030 6
445 1736 8
445 1775 3
446 648 3
446 759 8
446 951 5
446 1164 5
446 1205 6
446 1543 7
446 1792 3
446 1811 2
447 1668 4
447 1958 8
448 958 5
449 849 2
449 976 6
449 1313 7
449 1351 5
449 1823 3
449 1862 4
449 2096 2
450 510 3
451 1252 3
451 1844 8
452 1080 8
453 600 3
453 814 4
453 820 4
453 879 8
453 1134 3
453 1281 9
453 2071 6
454 1112 6
455 596 7
455 1672 3
456 863 6
456 1026 9
456 1175 2
456 2031 9
457 818 3
457 1655 9
457 1694 3
457 1926 5
458 1325 5
459 528 2
459 1544 7
459 1592 4
459 1782 8
460 1911 5
461 463 6
461 620 7
461 697 3
461 726 2
461 760 6
461 834 10
461 929 10
461 1166 9
461 1295 2
461 1374 6
461 1453 7
461 1693 7
461 1730 6
462 1224 4
463 482 4
463 483 2
463 485 7
463 542 2
463 556 5
463 663 5
463 697 2
463 714 10
463 721 6
463 732 10
463 749 6
463 929 3
463 984 7
463 991 9
463 1011 9
463 1080 5
463 1166 7
463 1219 2
463 1225 9
463 1291 9
463 1300 8
463 1311 2
463 1446 4
463 1453 3
463 1517 2
463 1574 2
463 1649 2
463 1680 7
463 1706 4
463 1715 5
463 1726 2
463 1730 7
463 1809 9
463 1821 9
463 1856 4
463 1889 10
463 1907 2
463 1911 8
463 1943 9
463 1947 7
463 2044 9
463 2071 9
463 2096 8
464 693 3
464 1247 7
465 697 5
465 847 5
466 591 2
466 1141 8
467 1988 5
467 2051 7
468 641 2
468 664 7
468 1308 3
468 1494 8
469 1590 9
470 1026 10
470 1175 7
470 1979 2
470 2031 3
471 494 4
471 517 7
471 609 4
471 684 8
471 739 3
471 768 4
471 852 4
471 984 3
471 1030 8
471 1106 9
471 1292 3
471 1377 2
471 1381 8
471 1399 7
471 1442 3
471 1567 4
471 1650 3
471 1807 7
471 1939 7
471 1996 5
473 514 6
473 1860 6
474 546 3
474 988 6
474 1824 9
474 2034 2
475 515 7
475 583 2
475 618 3
475 1024 10
475 1105 6
475 1327 9
475 1355 4
475 1443 5
475 1487 9
475 1737 5
475 1889 10
475 1951 7
475 2082 7
476 1559 10
477 1126 10
478 564 4
478 624 8
478 1078 3
478 1308 5
478 1345 7
478 1494 10
479 1553 6
480 560 5
480 874 5
480 1639 10
481 611 3
481 1245 10
481 1255 9
481 1488 10
481 1939 5
482 556 10
482 656 8
482 697 10
482 956 8
482 991 4
482 1291 8
482 1311 3
482 1351 9
482 1449 9
482 1726 3
482 1809 4
482 2044 7
483 697 9
483 929 7
483 1080 8
483 1166 6
483 1453 5
483 1730 2
483 1735 7
484 558 3
484 1044 10
484 1121 8
485 490 4
485 860 6
486 737 4
486 851 7
486 957 7
486 1012 7
486 1461 2
486 1544 7
486 1816 5
487 1553 4
488 686 3
488 1382 7
488 1785 5
489 613 10
489 640 7
489 1173 3
489 1209 5
489 1256 9
489 1749 4
490 860 8
490 1487 4
492 494 10
492 1950 3
494 517 7
494 609 4
494 656 4
494 739 5
494 750 3
494 817 3
494 836 8
494 984 2
494 1030 6
494 1106 7
494 1121 6
494 1139 7
494 1292 3
494 1309 2
494 1364 6
494 1377 6
494 1399 9
494 1442 10
494 1567 8
494 1650 2
494 1719 8
494 1731 6
494 1769 2
494 1779 10
494 1807 10
494 1810 3
494 1939 7
494 1996 10
495 1291 8
496 707 8
496 825 6
496 864 6
496 1033 6
496 1195 10
496 1300 10
496 1475 8
496 1499 10
496 1639 7
496 1689 2
496 2015 2
497 1133 7
497 1345 2
499 774 4
499 969 9
499 992 5
499 1035 2
499 1045 4
499 1066 8
499 1788 2
499 1804 4
499 1816 10
500 895 6
501 959 10
501 1162 9
501 1195 8
502 593 8
503 512 2
504 763 7
504 895 4
504 1206 8
504 1362 5
504 1495 4
504 1817 3
505 1224 5
506 647 9
506 1362 3
509 887 4
510 738 5
510 789 6
510 1314 7
510 1466 2
510 1801 4
510 2020 3
510 2081 2
511 907 3
512 663 6
512 781 6
512 1382 9
512 1567 9
512 1771 4
512 1809 10
512 1848 6
512 1877 6
512 1881 2
512 1976 6
512 2046 7
512 2090 5
513 780 2
513 843 2
513 1226 4
513 1925 10
513 2061 3
514 1860 7
515 618 8
515 1355 8
515 1443 10
515 1737 10
515 1889 3
515 2082 2
516 717 4
516 1453 2
517 609 10
517 739 2
517 750 6
517 984 6
517 1030 2
517 1377 7
517 1399 7
517 1401 9
517 1567 6
517 1807 10
518 1450 7
518 1666 4
519 1005 2
519 1019 4
520 521 5
520 633 2
520 1323 4
520 1378 2
520 1427 5
520 1716 8
521 1378 3
521 1781 10
522 539 2
522 688 7
522 1112 3
522 1182 7
522 1732 9
522 1786 8
522 2002 3
523 531 4
523 585 9
523 1945 6
524 633 10
524 1342 3
524 1378 2
524 1915 10
525 618 8
525 1040 10
525 1550 10
525 1644 10
526 827 3
527 1165 6
528 1027 7
528 1448 3
528 1524 3
529 1514 3
529 1767 4
530 604 8
530 1246 7
530 1479 8
530 1944 4
531 1381 9
532 560 2
532 1128 5
532 1689 6
533 547 5
533 611 7
533 711 7
533 1030 8
533 1355 3
533 1368 9
533 1511 6
533 1599 5
533 1616 6
533 1737 10
535 711 10
535 1027 8
535 1030 9
535 1302 2
535 1653 10
535 1659 4
535 1865 10
536 586 5
537 677 8
538 933 4
538 1806 5
539 593 3
539 633 10
539 688 3
539 713 6
539 751 9
539 1007 4
539 1040 8
539 1249 9
539 1250 3
539 1532 2
539 1598 7
539 1653 10
539 1729 3
539 2052 8
540 1749 7
541 1098 2
542 608 6
542 849 5
542 1430 3
542 1653 4
542 1718 6
542 1892 3
543 633 2
544 1501 5
544 1642 7
545 1391 8
545 1400 9
545 1616 10
546 557 8
546 746 7
546 988 5
546 1474 4
546 1659 2
546 1858 8
548 714 6
548 1011 9
548 1382 7
549 1536 2
550 606 9
550 1694 3
551 1085 5
551 1714 3
551 1954 3
552 880 2
552 1907 6
553 1026 3
553 1175 10
553 1665 6
553 1876 7
553 1979 2
553 2031 9
555 1665 2
555 1754 3
555 1824 2
555 2029 6
556 592 6
556 609 5
556 697 7
556 709 2
556 759 7
556 763 3
556 895 6
556 924 9
556 991 4
556 1005 3
556 1132 5
556 1267 6
556 1291 7
556 1311 5
556 1353 6
556 1432 6
556 1495 5
556 1535 7
556 1542 5
556 1589 4
556 1634 9
556 1726 6
556 1783 5
556 1809 2
556 1818 2
556 2015 8
556 2044 5
556 2055 9
556 2079 6
556 2096 4
557 746 10
557 1034 10
557 1573 8
557 1900 7
558 638 10
558 690 10
558 1318 3
558 1355 7
558 1433 3
558 1661 5
558 1779 5
559 1501 5
560 695 3
560 874 7
560 1596 8
560 2093 5
561 1311 2
563 916 10
564 1494 10
565 860 8
565 952 2
565 1323 5
565 1730 7
565 1784 8
566 1262 10
566 1977 7
567 1969 5
568 1276 6
568 1536 2
568 1665 3
568 1892 10
569 774 8
569 851 8
570 2007 4
571 613 5
572 618 10
572 1040 10
572 1170 8
572 1397 7
572 1543 6
572 1550 7
572 1644 7
573 1823 7
573 1913 2
574 797 8
574 1535 2
574 1542 6
575 702 9
575 966 4
575 1995 4
576 760 5
577 1387 8
577 1389 6
578 1976 7
579 613 3
580 1844 8
581 1073 10
582 604 6
582 1026 4
582 1175 4
582 1195 5
582 1403 7
582 1506 6
582 1665 2
582 1807 6
582 1979 5
582 2031 5
583 879 5
583 911 8
583 1051 2
583 1389 7
583 1462 3
583 1578 6
583 1778 4
584 1252 3
585 815 2
585 1302 9
585 1381 9
585 1443 10
585 1872 8
585 1978 9
586 635 9
586 674 7
586 831 9
586 839 10
586 936 3
586 1006 7
586 1205 9
586 1366 7
586 1601 6
586 1675 8
586 1687 3
586 1800 10
586 1849 10
586 2011 4
587 613 6
587 640 4
588 1098 2
588 1795 5
588 1818 7
589 1353 4
590 618 4
590 1889 7
591 1141 3
591 2052 10
592 895 3
592 1495 2
592 1503 10
592 1535 6
592 1967 6
592 2015 10
593 634 3
593 812 7
593 1156 5
593 1247 7
593 1709 4
593 1712 8
593 1729 7
593 1807 3
593 2056 5
593 2065 4
594 1593 9
596 1672 7
597 854 6
597 2006 2
599 857 10
599 1021 8
599 1202 6
599 1842 5
599 2031 2
599 2085 9
599 2088 4
600 1296 7
600 1482 4
600 1518 7
600 1777 4
601 1080 2
602 1543 8
602 1792 3
602 1994 7
603 896 6
604 608 8
604 653 2
604 655 4
604 697 9
604 763 6
604 782 7
604 863 2
604 899 6
604 984 8
604 1021 7
604 1039 2
604 1089 10
604 1159 10
604 1167 3
604 1187 4
604 1230 8
604 1231 10
604 1284 5
604 1385 9
604 1391 9
604 1420 2
604 1430 8
604 1472 3
604 1506 8
604 1570 3
604 1645 2
604 1653 9
604 1665 2
604 1672 10
604 1676 9
604 1695 8
604 1706 6
604 1743 4
604 1807 7
604 1876 2
604 1927 6
604 2017 4
604 2061 9
604 2088 8
604 2107 5
605 1120 3
606 821 6
607 1803 8
608 613 3
608 618 5
608 657 4
608 697 3
608 802 9
608 860 2
608 1162 3
608 1202 10
608 1210 8
608 1430 9
608 1508 2
608 1556 6
608 1653 7
608 1665 7
608 1729 7
608 1807 10
608 1891 2
608 1976 2
609 639 10
609 656 7
609 739 3
609 750 7
609 965 5
609 984 10
609 1019 5
609 1030 3
609 1106 9
609 1110 3
609 1171 9
609 1292 5
609 1309 2
609 1364 3
609 1377 7
609 1399 6
609 1442 5
609 1470 9
609 1495 8
609 1535 2
609 1567 4
609 1589 5
609 1650 5
609 1719 5
609 1731 8
609 1769 10
609 1807 9
609 1810 8
609 1939 10
609 1967 4
609 1996 9
610 1544 10
611 711 7
611 913 2
611 1030 10
611 1302 5
611 1524 7
611 1737 7
611 2009 8
612 657 4
612 1807 10
613 618 3
613 646 9
613 697 6
613 729 3
613 860 6
613 889 4
613 994 5
613 1004 10
613 1014 5
613 1063 5
613 1104 3
613 1173 6
613 1209 2
613 1256 10
613 1266 6
613 1345 6
613 1346 9
613 1359 6
613 1430 3
613 1462 6
613 1465 2
613 1494 6
613 1537 7
613 1543 10
613 1653 10
613 1665 6
613 1702 7
613 1706 3
613 1718 6
613 1749 7
613 1776 2
613 1789 9
613 1807 9
613 1849 7
613 1870 9
613 1885 6
613 1891 6
613 1904 10
613 2037 8
613 2064 2
613 2092 7
614 625 9
614 688 2
615 764 4
616 647 5
616 1263 9
618 653 10
618 655 7
618 672 10
618 697 7
618 734 9
618 776 5
618 816 5
618 819 2
618 841 5
618 856 7
618 860 4
618 863 8
618 872 7
618 873 3
618 887 5
618 888 9
618 899 4
618 942 10
618 1015 10
618 1021 2
618 1039 8
618 1040 10
618 1089 2
618 1105 4
618 1133 7
618 1159 6
618 1162 6
618 1165 7
618 1184 7
618 1202 9
618 1221 4
618 1231 5
618 1233 3
618 1284 3
618 1308 6
618 1322 10
618 1327 8
618 1355 6
618 1359 7
618 1385 10
618 1420 5
618 1430 8
618 1443 4
618 1472 8
618 1486 8
618 1494 4
618 1506 2
618 1517 3
618 1550 7
618 1557 4
618 1570 8
618 1571 2
618 1644 5
618 1645 2
618 1653 4
618 1660 2
618 1665 5
618 1737 7
618 1746 7
618 1794 2
618 1799 7
618 1807 3
618 1826 6
618 1839 2
618 1876 7
618 1889 7
618 1891 8
618 1898 10
618 1951 4
618 1952 10
618 2017 4
618 2061 10
618 2076 6
618 2082 8
618 2088 7
618 2107 7
619 1252 6
619 1844 9
620 902 9
621 1308 4
621 1767 9
623 825 6
623 1033 7
623 1300 2
623 1475 6
623 1639 9
623 2015 3
624 1349 10
624 1494 2
625 688 7
625 713 5
625 1479 5
627 1902 7
628 929 8
629 1197 4
630 926 9
631 711 5
631 1192 9
631 1600 2
632 2037 4
633 651 10
633 702 10
633 741 3
633 910 4
633 925 3
633 934 5
633 961 3
633 963 7
633 966 8
633 1010 10
633 1041 6
633 1074 2
633 1129 2
633 1161 10
633 1163 6
633 1166 3
633 1338 10
633 1378 10
633 1427 10
633 1529 10
633 1716 2
633 1940 5
633 1972 10
636 746 4
636 789 2
636 844 4
636 985 10
636 1090 4
637 755 8
637 1353 4
638 964 4
638 1615 10
638 1813 8
640 728 2
640 842 7
640 889 6
640 916 7
640 994 6
640 1465 3
640 1682 8
640 1702 4
640 1749 8
640 1904 5
640 1908 7
640 2052 10
641 1519 7
642 923 5
642 1723 9
642 1878 2
643 1027 10
643 1543 2
644 1503 5
644 1589 2
645 1544 5
645 1937 8
645 1970 6
646 697 6
646 859 9
646 1543 9
646 1635 6
647 746 9
647 840 8
647 1100 8
647 1469 9
647 1718 8
649 851 5
650 774 9
651 688 5
651 689 2
651 860 2
651 1235 6
651 1236 6
651 1729 6
652 1505 3
652 1798 6
652 1975 7
653 922 8
653 1026 7
653 1175 3
653 1231 7
653 1403 2
653 1420 8
653 1665 9
653 1676 4
653 1743 4
653 1807 9
653 2031 10
654 999 2
654 1377 7
655 1026 5
655 1175 5
655 1403 2
655 1665 9
655 1807 3
655 1825 6
655 2031 4
656 739 9
656 750 5
656 984 9
656 1030 7
656 1377 3
656 1399 6
656 1567 3
656 1807 3
657 800 3
657 1248 8
657 1653 6
658 1250 6
659 1436 4
659 1818 3
660 1101 8
660 1195 8
660 1972 3
661 787 9
661 836 4
661 1503 4
662 746 5
663 912 5
663 1088 8
663 1107 9
663 1300 6
663 1319 2
663 1477 6
663 1517 3
663 1576 5
663 1706 10
663 1856 9
663 1877 3
663 1881 4
663 1889 6
663 1976 4
663 2058 4
663 2071 5
664 1063 7
664 1109 2
664 1345 7
664 1494 2
664 1706 4
665 966 10
665 1940 2
666 929 2
666 1166 6
666 1176 6
666 1730 2
667 1005 7
667 1381 9
667 1516 10
667 1536 6
667 2094 4
668 981 8
669 1184 3
669 1362 7
670 2030 9
672 1040 4
672 1543 4
672 1550 5
672 1644 8
673 1501 10
674 919 10
674 991 5
674 1302 3
674 1675 3
674 1687 7
676 705 4
676 741 2
677 1401 6
677 1403 5
677 2092 4
678 2007 9
679 837 3
679 1495 9
680 1252 8
680 1844 7
681 869 3
681 1593 4
682 1639 2
682 2007 5
683 1316 3
684 768 7
684 852 3
684 981 2
684 988 6
684 1290 6
684 1381 7
684 1443 5
684 1495 8
685 1051 2
686 985 5
686 1355 7
687 857 7
688 840 7
688 890 5
688 1166 7
688 1415 8
688 1509 2
688 1647 3
688 1718 8
688 1729 8
688 1740 7
688 1741 5
688 1940 9
689 941 5
691 1553 4
691 2052 10
692 1131 7
692 1195 8
692 1450 7
693 1097 6
693 1249 2
693 1309 10
693 1323 7
693 1486 10
693 1563 10
693 1609 8
694 1889 6
695 874 9
695 1355 3
695 1884 3
695 1986 7
696 1181 5
696 1683 4
697 860 4
697 862 2
697 882 3
697 929 10
697 960 10
697 971 2
697 991 4
697 1080 5
697 1099 8
697 1166 6
697 1191 2
697 1227 2
697 1291 9
697 1311 6
697 1359 10
697 1430 7
697 1446 2
697 1453 3
697 1543 9
697 1653 2
697 1665 7
697 1680 6
697 1726 8
697 1730 3
697 1807 10
697 1809 8
697 1891 4
697 1911 10
697 1947 9
697 2044 9
697 2091 3
697 2092 3
697 2096 10
698 1675 8
699 1345 3
700 802 9
700 1355 6
700 1618 5
701 1121 3
702 868 2
702 928 5
702 934 8
702 966 10
702 1025 3
702 1049 9
702 1445 10
702 1529 8
702 1597 5
702 1658 7
702 1940 5
702 2033 8
702 2087 2
703 1166 3
703 2042 7
704 1026 6
704 1175 8
704 1979 10
704 2031 5
704 2107 2
706 1809 7
707 711 2
707 825 9
707 830 8
707 864 10
707 958 2
707 997 5
707 1022 10
707 1030 3
707 1033 8
707 1073 9
707 1169 8
707 1195 6
707 1229 8
707 1287 2
707 1300 6
707 1302 5
707 1323 3
707 1375 7
707 1475 8
707 1499 4
707 1524 5
707 1539 10
707 1604 4
707 1639 10
707 1689 10
707 1756 3
707 1825 4
707 2007 10
707 2009 2
707 2015 9
707 2025 5
707 2047 2
707 2080 5
708 759 3
708 1320 3
709 731 3
709 747 2
709 858 2
709 1060 7
709 1783 5
709 2044 3
710 2052 5
711 1027 9
711 1030 2
711 1121 10
711 1128 2
711 1253 10
711 1302 9
711 1544 3
711 1616 4
711 1728 3
711 1748 2
711 2009 9
712 1362 9
712 1512 9
712 1637 8
712 1817 5
713 1166 9
713 1729 4
713 1927 9
713 2061 5
714 1011 7
714 1889 5
715 1850 2
716 1744 2
718 1381 5
720 849 10
721 932 4
721 1109 6
721 1232 4
721 1424 7
721 1943 6
721 1980 3
722 859 10
723 1479 9
725 865 5
725 1720 4
725 1912 5
727 1331 2
727 1947 3
728 1104 9
728 1502 7
730 1748 5
730 1934 3
732 1219 10
733 938 5
733 1005 10
733 1119 6
733 1171 2
733 1273 10
733 1481 5
733 1495 6
733 1795 7
733 1909 9
733 1957 9
734 863 5
734 1040 4
734 1133 8
734 1543 4
734 1550 4
734 1644 3
734 1794 4
735 1158 8
736 1224 2
737 1012 7
739 750 2
739 879 5
739 984 7
739 1024 2
739 1030 3
739 1106 7
739 1292 4
739 1309 6
739 1364 9
739 1377 8
739 1399 10
739 1442 3
739 1567 5
739 1578 2
739 1650 3
739 1769 7
739 1807 5
739 1939 9
739 1996 4
741 1499 6
741 1938 6
743 1501 10
744 1844 10
745 1252 7
746 750 6
746 768 7
746 895 9
746 1034 2
746 1044 10
746 1121 9
746 1126 4
746 1143 9
746 1265 6
746 1302 2
746 1355 4
746 1475 6
746 1484 7
746 1565 9
746 1582 6
746 1659 4
746 1670 3
746 1744 3
746 1754 10
746 1849 10
746 1858 10
746 1935 3
746 1977 9
747 1783 5
748 1687 7
750 984 4
750 1030 8
750 1106 8
750 1292 2
750 1377 4
750 1399 4
750 1442 3
750 1567 10
750 1650 10
750 1719 5
750 1754 7
750 1779 8
750 1807 7
750 1939 5
750 1996 2
751 1598 2
752 1735 3
753 1048 7
753 1355 2
754 1958 5
756 1370 8
756 1618 10
757 1758 6
758 1800 8
759 797 6
759 895 7
759 951 6
759 1164 6
759 1205 10
759 1320 6
759 1503 10
759 1535 7
759 1543 3
759 1685 2
759 1774 7
759 1792 4
759 1796 7
759 1811 4
759 1895 8
759 1897 8
760 846 6
760 993 7
760 1887 2
760 1893 6
761 1809 6
763 895 2
763 1005 3
763 1048 6
763 1103 5
763 1171 2
763 1310 4
763 1495 2
763 1695 10
763 1817 4
763 1927 8
763 1967 10
764 849 3
765 1022 7
765 1482 7
766 1378 3
767 1452 4
767 1524 7
767 1800 8
767 1886 6
768 956 5
768 1381 9
768 1832 5
768 1848 4
769 1902 6
770 1224 9
771 1589 10
771 1744 3
772 1121 3
772 1622 9
773 1964 8
774 794 8
774 811 4
774 901 10
774 969 7
774 974 7
774 1035 4
774 1045 10
774 1066 2
774 1183 5
774 1197 6
774 1388 9
774 1617 4
774 1788 9
774 1992 9
776 1040 3
776 1543 10
776 1550 5
776 1644 9
777 1181 5
778 962 9
778 988 5
779 1848 9
781 2090 7
785 1040 8
786 1162 5
788 1448 5
789 1258 7
789 1637 2
791 1057 4
791 1117 7
791 1126 3
791 1848 9
791 2073 10
793 1945 2
794 860 6
794 981 4
794 1006 8
794 1710 2
794 1896 4
795 1075 2
795 2045 3
796 1171 6
797 1535 9
798 1912 6
799 1931 10
800 1210 8
800 1430 10
800 1543 7
800 1672 9
801 1595 6
802 943 5
802 981 4
802 986 5
802 1174 9
802 1849 2
802 1870 3
803 990 8
803 1250 6
803 1923 8
804 1021 10
804 1026 7
804 1175 4
804 1665 10
804 1807 10
804 1825 4
804 2031 5
805 2000 2
806 1829 2
808 1754 5
809 1621 3
810 1042 2
810 1177 3
813 821 10
815 1665 2
815 1945 4
816 1355 4
816 1737 2
816 1889 8
816 1951 6
816 2082 8
817 1052 4
817 1463 3
817 1468 6
817 1750 6
817 1779 7
817 2084 4
819 1355 9
819 1443 4
819 1737 3
819 1889 3
819 2082 5
820 1578 8
820 1981 2
821 1694 8
822 1227 6
823 863 2
823 2017 3
824 911 8
824 1503 7
825 830 2
825 864 10
825 945 5
825 958 8
825 985 3
825 997 10
825 1009 2
825 1022 3
825 1033 4
825 1048 6
825 1073 5
825 1121 4
825 1169 3
825 1195 7
825 1196 4
825 1229 4
825 1287 10
825 1300 7
825 1304 2
825 1323 3
825 1375 6
825 1475 6
825 1484 8
825 1499 5
825 1512 5
825 1521 4
825 1539 10
825 1604 3
825 1639 2
825 1661 9
825 1689 9
825 1756 4
825 1779 2
825 1825 8
825 2007 6
825 2015 2
825 2025 2
825 2047 7
825 2061 3
825 2080 9
826 1964 9
828 1671 3
828 1943 2
829 984 7
830 1033 4
830 1195 4
830 1300 2
830 1475 3
830 1499 9
830 1639 6
830 2007 7
830 2015 3
830 2047 10
833 2043 4
835 1121 7
835 1343 8
835 1433 4
835 1484 7
835 1912 10
836 858 5
836 1355 9
836 1503 4
836 1744 2
836 2004 3
837 1128 10
837 1434 10
837 1495 7
839 1174 3
839 1289 2
839 1508 7
839 1707 3
839 1751 6
839 1807 3
839 1828 6
839 1954 4
840 906 6
840 1097 6
840 1469 4
840 1509 10
840 1609 3
840 1647 7
840 1730 7
840 1741 2
840 1971 9
840 2071 4
841 987 10
841 1399 4
841 1622 5
841 1976 4
841 2095 3
844 1090 9
844 1745 4
844 2044 8
845 1302 3
846 2111 3
848 1245 5
848 2100 8
849 955 4
849 1207 4
849 1289 10
849 1536 6
849 1765 4
849 1819 10
849 1849 7
849 1892 7
849 1901 2
849 1982 8
849 2034 3
849 2096 7
850 1396 2
851 1012 10
851 1042 7
851 1177 8
852 896 4
853 1427 2
854 1901 3
854 2096 5
855 1384 10
855 1784 3
856 1355 10
856 1737 2
856 1889 6
856 2082 4
857 1026 6
857 1175 7
857 1403 10
857 1645 9
857 1665 8
857 1807 3
857 1825 4
857 2031 6
858 1503 6
859 1109 10
859 1517 6
859 1706 3
859 1767 10
859 1856 8
859 1889 10
859 1943 8
859 1956 2
860 1061 9
860 1120 10
860 1355 10
860 1516 3
860 1553 6
860 1807 2
860 2052 2
860 2054 10
861 1302 10
862 882 2
862 1230 9
863 929 8
863 1021 7
863 1026 4
863 1053 8
863 1089 3
863 1133 2
863 1159 3
863 1175 7
863 1195 6
863 1233 9
863 1385 7
863 1403 2
863 1406 6
863 1645 4
863 1654 5
863 1665 9
863 1807 8
863 1825 10
863 1876 6
863 1979 4
863 2031 2
863 2107 4
864 997 9
864 1033 4
864 1073 5
864 1195 6
864 1229 4
864 1287 10
864 1300 4
864 1375 9
864 1475 2
864 1499 10
864 1539 6
864 1604 7
864 1639 2
864 1689 7
864 1760 2
864 1809 3
864 2007 2
864 2015 9
864 2025 5
864 2082 2
865 1720 5
866 1353 10
866 1696 5
867 1287 10
867 1604 4
869 1098 7
869 1166 8
869 1191 10
869 1593 7
869 1729 8
869 1942 7
870 1191 4
870 1436 10
870 1490 8
870 1517 9
870 1593 9
870 1706 10
870 1943 2
870 1976 2
870 2013 6
871 914 5
871 918 4
871 1467 8
871 1848 7
872 1347 7
872 1706 6
872 1807 2
872 1823 4
872 1907 8
872 2098 2
873 1355 4
873 1443 3
873 1737 5
873 1889 3
873 2082 7
874 1884 4
874 2093 3
875 1251 3
876 1823 6
877 879 7
877 2071 5
878 1252 5
879 1024 4
879 1086 5
879 1536 9
879 1578 4
879 1650 5
879 1778 5
879 1803 6
879 2005 9
879 2071 10
881 1812 3
882 971 10
882 1276 9
884 929 9
885 1290 4
885 1495 7
885 1604 8
886 1205 2
886 1543 2
886 1811 3
887 1168 10
887 1355 5
887 1443 9
887 1530 10
887 1737 6
887 1889 7
887 1951 9
887 2067 6
887 2082 5
889 1749 4
890 1842 9
891 2039 2
893 2033 10
894 1175 5
895 947 6
895 969 6
895 1005 6
895 1066 5
895 1126 6
895 1215 3
895 1262 9
895 1265 4
895 1495 5
895 1503 4
895 1535 4
895 1617 6
895 1652 3
895 1788 5
895 1797 10
895 1848 9
895 1849 4
895 1967 6
895 1984 4
895 2073 3
897 1410 9
898 1153 4
899 1026 8
899 1175 10
899 1403 8
899 1665 8
899 1807 6
899 1876 6
899 1979 3
899 2031 10
900 1501 4
901 992 9
901 1816 7
903 986 8
903 1849 8
904 1095 2
904 1126 7
904 1377 5
904 1921 5
904 2099 4
906 1097 3
906 1112 3
906 1195 6
906 1323 5
906 1450 7
906 1460 6
907 1934 8
908 976 2
908 1907 6
909 1040 9
909 1528 10
909 1550 10
909 1644 5
910 1029 4
910 1145 6
910 1243 4
910 1378 3
910 1427 2
910 1787 7
911 1389 8
911 1569 2
911 1998 2
912 1088 10
912 1120 2
912 1319 9
912 1399 6
912 1403 9
912 1493 8
912 1576 7
912 1767 2
912 1856 6
912 1889 9
912 1910 7
913 1030 6
914 1848 3
915 1399 7
915 1806 4
917 1164 10
917 1205 7
917 1543 3
917 1811 3
919 1745 5
920 1636 9
922 1026 2
922 1175 10
922 1665 7
922 1807 9
922 1979 4
922 2031 4
924 1432 3
924 1963 4
924 2044 3
925 966 5
925 1163 10
925 1940 9
926 1363 10
926 1453 9
927 1455 2
928 966 6
928 1049 6
928 1155 8
929 1080 5
929 1166 8
929 1295 8
929 1365 6
929 1374 10
929 1446 7
929 1453 2
929 1491 7
929 1584 4
929 1680 4
929 1730 4
929 1812 7
929 1911 7
929 1947 8
929 1964 6
929 1988 5
930 1699 10
931 1849 6
933 1102 7
934 966 8
934 1097 9
934 1309 5
934 1529 5
934 1730 7
934 1841 8
934 1940 8
935 1109 4
935 1425 3
935 1517 2
935 1706 10
935 1943 2
935 2067 3
938 1909 3
941 1133 4
941 1235 4
941 1472 3
942 1355 7
942 1737 8
942 1889 10
942 2082 4
943 1205 7
943 1289 3
943 1377 10
943 1536 7
943 1800 5
943 1823 7
943 1865 5
944 1213 7
944 2092 5
945 1009 4
945 1355 5
945 1433 10
945 1512 8
945 1659 6
946 988 5
946 1355 10
946 1485 5
946 1512 3
948 1635 5
951 1164 5
951 1205 8
951 1543 3
951 1615 10
951 1792 2
951 1811 4
952 2052 10
953 1135 3
953 1795 6
954 1309 6
954 1873 8
955 1006 9
955 1205 6
955 1289 2
956 1351 2
956 1582 6
957 1544 7
957 1816 7
957 1991 10
958 1033 2
958 1300 7
958 1323 8
958 1475 2
958 1499 9
958 1639 9
958 2015 2
959 1162 10
959 1729 6
961 966 7
961 1163 4
961 1337 5
961 1529 6
961 1940 4
963 966 6
963 1163 10
963 1940 2
964 1351 6
965 1052 6
966 1010 4
966 1041 7
966 1049 8
966 1074 5
966 1099 3
966 1161 9
966 1163 2
966 1195 8
966 1338 7
966 1445 2
966 1529 10
966 1597 7
966 1658 7
966 1841 8
966 1940 4
966 2033 10
966 2087 8
967 1143 10
967 1355 5
967 1559 3
967 1600 9
967 1661 5
967 1719 2
967 1824 8
967 2044 7
968 1471 7
969 992 8
969 1005 10
969 1035 5
969 1045 8
969 1788 6
969 1804 5
969 1816 2
970 1470 2
970 1495 9
971 1523 6
971 1802 5
973 1936 2
974 992 9
975 1252 6
976 1109 2
976 1313 8
976 1399 4
976 1862 8
976 1941 2
978 1386 8
978 2096 5
978 2099 10
979 1659 4
980 1171 5
981 1006 4
981 1148 9
981 1174 5
981 1205 4
981 1289 10
981 1377 6
981 1430 4
981 1536 5
981 1668 5
981 1718 9
981 1823 6
981 1849 2
981 1865 7
981 1901 5
981 1905 9
981 2034 8
981 2070 3
981 2096 4
982 1210 9
982 1319 9
982 1836 6
983 1642 4
984 1030 3
984 1106 10
984 1309 4
984 1364 7
984 1377 10
984 1399 8
984 1442 5
984 1567 10
984 1650 8
984 1719 6
984 1769 3
984 1807 5
984 1860 2
984 1889 7
984 1996 6
984 2006 7
985 1048 5
985 1355 8
985 1484 4
985 1512 4
985 1888 10
986 1102 3
986 1126 4
986 1278 3
986 1285 2
986 1289 7
986 1302 10
986 1346 9
986 1459 2
986 1536 6
986 1849 7
988 1124 4
988 1197 10
988 1393 9
988 1484 9
988 1495 9
988 1659 7
988 1661 10
988 1747 9
988 1957 3
989 1353 5
989 1613 9
991 1291 3
991 1311 8
991 1726 5
991 1748 9
991 1809 10
991 2012 9
991 2044 7
991 2096 2
992 1035 3
992 1045 2
992 1066 8
992 1183 8
992 1590 2
992 1617 9
992 1788 4
992 1804 7
994 1749 6
995 1424 6
995 1931 2
996 1377 8
997 1033 2
997 1195 4
997 1300 7
997 1475 4
997 1499 5
997 1639 7
997 2007 5
997 2015 6
998 1954 8
999 1377 4
1001 1495 2
1002 1994 6
1003 1553 3
1005 1119 3
1005 1171 4
1005 1224 2
1005 1495 2
1005 1516 4
1005 1589 8
1005 1618 4
1005 1677 3
1005 1731 9
1005 1788 8
1005 1824 9
1005 2015 2
1005 2079 9
1006 1154 7
1006 1205 8
1006 1280 10
1006 1289 9
1006 1349 7
1006 1706 6
1006 1817 9
1006 1853 4
1006 2096 2
1007 1598 8
1008 1988 8
1009 1196 9
1009 1448 4
1009 1521 4
1009 1535 2
1009 1636 2
1009 1888 8
1009 2079 2
1010 1163 4
1010 1940 3
1011 1109 10
1011 1300 7
1011 1517 7
1011 1706 9
1011 2071 2
1012 1461 7
1012 1544 3
1013 1224 3
1013 1640 8
1013 2004 5
1015 1026 9
1015 1175 6
1015 1665 4
1015 1807 9
1015 2031 7
1015 2088 3
1016 1166 3
1017 1749 5
1018 1313 6
1018 1372 9
1019 1116 4
1019 1470 4
1019 1797 4
1020 1517 7
1021 1026 8
1021 1039 9
1021 1175 3
1021 1195 10
1021 1403 9
1021 1472 8
1021 1591 2
1021 1645 8
1021 1654 5
1021 1665 5
1021 1694 9
1021 1794 9
1021 1807 8
1021 1825 7
1021 1979 2
1021 2031 7
1022 1033 8
1022 1195 9
1022 1300 5
1022 1475 6
1022 1499 5
1022 1639 4
1022 2007 4
1022 2015 2
1023 1252 3
1023 1290 7
1023 1313 6
1023 1425 7
1023 1585 3
1023 1753 2
1023 1765 8
1023 1809 3
1023 1848 6
1023 2046 6
1024 1179 2
1024 1375 7
1024 1578 10
1024 2005 10
1026 1039 3
1026 1053 10
1026 1083 10
1026 1089 5
1026 1097 8
1026 1159 2
1026 1167 4
1026 1175 2
1026 1195 10
1026 1231 4
1026 1233 8
1026 1268 3
1026 1284 6
1026 1323 6
1026 1385 4
1026 1406 8
1026 1420 9
1026 1472 3
1026 1506 7
1026 1570 3
1026 1591 8
1026 1638 10
1026 1645 10
1026 1654 9
1026 1676 8
1026 1730 9
1026 1743 9
1026 1807 3
1026 1814 2
1026 1820 10
1026 1874 10
1026 1876 4
1026 1962 9
1026 1979 8
1026 2017 5
1026 2023 7
1026 2031 5
1026 2076 6
1026 2088 3
1026 2107 8
1027 1544 6
1027 1737 8
1028 1520 6
1028 1540 2
1029 1417 9
1030 1106 7
1030 1292 2
1030 1302 7
1030 1311 9
1030 1377 8
1030 1399 9
1030 1442 8
1030 1524 6
1030 1544 3
1030 1567 6
1030 1650 9
1030 1748 3
1030 1807 5
1030 1813 3
1030 1863 5
1030 1866 10
1030 1889 10
1030 1939 6
1030 1996 2
1030 2009 4
1031 1749 10
1032 1683 6
1033 1073 8
1033 1169 3
1033 1195 4
1033 1229 5
1033 1276 5
1033 1287 5
1033 1300 6
1033 1323 3
1033 1375 3
1033 1475 4
1033 1499 4
1033 1539 3
1033 1604 5
1033 1639 5
1033 1689 3
1033 1756 6
1033 1825 9
1033 1859 3
1033 1910 5
1033 2007 9
1033 2015 7
1033 2025 4
1033 2047 9
1033 2080 2
1035 1804 10
1035 1816 5
1035 1849 7
1036 1426 10
1037 1902 4
1038 1232 10
1039 1175 9
1039 1403 2
1039 1665 7
1039 1807 8
1039 1825 2
1039 1979 3
1039 2031 5
1040 1133 5
1040 1221 6
1040 1250 9
1040 1322 6
1040 1528 6
1040 1543 9
1040 1550 4
1040 1644 9
1040 1794 8
1040 1952 4
1040 2052 7
1041 1163 5
1041 1940 9
1042 1065 4
1042 1177 6
1043 1694 7
1044 1050 10
1045 1617 10
1045 1752 10
1045 1788 5
1045 1804 4
1045 1816 5
1045 1849 5
1047 1986 3
1048 1121 4
1048 1304 6
1048 1484 10
1048 1888 9
1048 1927 6
1048 1935 8
1048 2061 5
1050 1484 7
1051 1367 5
1051 1387 10
1051 1500 6
1051 2083 4
1052 2066 4
1053 1089 9
1053 1175 8
1053 1378 5
1053 1729 4
1054 1622 7
1055 1701 4
1056 1581 8
1058 2061 9
1059 1800 5
1061 1121 9
1061 1355 2
1061 1369 8
1061 1484 9
1061 1661 4
1061 1710 3
1061 1779 10
1061 1888 8
1061 1896 2
1062 1643 4
1062 1860 3
1062 2017 10
1064 1945 9
1065 1177 7
1066 1804 3
1066 1849 10
1067 1401 10
1067 1488 4
1068 1524 4
1070 1287 2
1071 1274 8
1073 1195 8
1073 1300 2
1073 1323 5
1073 1475 6
1073 1499 6
1073 1639 10
1073 1798 8
1073 2007 10
1073 2015 8
1074 1163 2
1074 1841 9
1074 1940 9
1075 1242 3
1075 1296 10
1075 1458 9
1075 1981 2
1075 2043 3
1075 2045 8
1076 1391 4
1076 1800 8
1078 1308 8
1078 1517 8
1079 1694 8
1080 1166 5
1080 1200 4
1080 1446 6
1080 1453 8
1080 1566 8
1080 1730 10
1084 1800 10
1086 1381 3
1086 1536 3
1086 1744 4
1086 1760 6
1086 1945 3
1086 2029 9
1086 2059 8
1086 2071 10
1087 1252 5
1088 1306 6
1088 1517 10
1088 1706 9
1088 1767 9
1088 1859 4
1088 1983 9
1088 2071 9
1089 1175 8
1089 1403 7
1089 1570 8
1089 1665 9
1089 1807 8
1089 1825 7
1089 2031 8
1090 2044 5
1093 1378 2
1094 1598 9
1094 1926 8
1094 2078 6
1097 1202 4
1097 1249 9
1097 1309 10
1097 1323 6
1097 1563 7
1097 1729 6
1097 1730 4
1098 1260 4
1098 1279 10
1098 1392 3
1098 1795 10
1099 1543 3
1099 1576 6
1099 1889 7
1099 1940 2
1099 2034 8
1099 2071 3
1100 1637 2
1101 1972 2
1102 1679 8
1102 1720 3
1102 1912 5
1102 1969 8
1104 1502 3
1104 1749 3
1105 1355 10
1105 1737 2
1105 1889 3
1105 2082 7
1106 1377 5
1106 1399 6
1106 1567 2
1106 1807 2
1107 1469 7
1107 1517 2
1107 1848 3
1107 1882 5
1107 2071 6
1108 1309 10
1109 1478 8
1109 1494 8
1109 1517 3
1109 1519 6
1109 1611 8
1109 1907 5
1109 2071 4
1110 1589 5
1111 1146 9
1112 1200 6
1112 1732 10
1113 2041 6
1114 1137 8
1115 1378 4
1116 1522 10
1116 1967 9
1117 1535 8
1117 1542 8
1118 1661 9
1118 1744 10
1120 1856 4
1120 2071 5
1121 1196 9
1121 1244 4
1121 1304 9
1121 1330 7
1121 1355 4
1121 1371 6
1121 1433 9
1121 1448 10
1121 1484 3
1121 1489 10
1121 1522 4
1121 1581 2
1121 1622 9
1121 1659 4
1121 1779 2
1121 1830 6
1121 1871 10
1121 1888 5
1121 2044 4
1122 1728 7
1122 1748 3
1122 2072 4
1124 1424 3
1124 1659 5
1125 1143 8
1126 1212 5
1126 1272 7
1126 1283 6
1126 1289 3
1126 1300 6
1126 1302 3
1126 1622 5
1126 1624 6
1126 1700 3
1126 1760 10
1126 1762 9
1126 1809 7
1126 1848 6
1126 1849 4
1126 1854 5
1126 1921 7
1126 1924 9
1126 2073 10
1127 1563 5
1128 1253 9
1128 1485 4
1128 1646 8
1128 1959 6
1129 1378 8
1130 1550 9
1130 1644 7
1133 1543 10
1133 1550 3
1133 1643 5
1133 1644 9
1135 1795 6
1135 1909 10
1136 1250 9
1136 1837 10
1137 1722 10
1140 1483 5
1140 1769 3
1141 1217 10
1142 1493 2
1142 1806 3
1143 1754 7
1143 2044 6
1144 1516 3
1145 1378 8
1146 1325 7
1147 1800 4
1148 1205 9
1149 1374 4
1150 1589 7
1153 1501 8
1154 1205 3
1154 1371 7
1154 1859 10
1157 1800 8
1158 1299 4
1158 1356 3
1158 1642 5
1158 1711 3
1158 1755 4
1158 1875 8
1159 1175 4
1159 1403 6
1159 1665 6
1159 1807 2
1159 1825 9
1159 1979 5
1159 2031 9
1160 2061 4
1161 1163 9
1161 1940 2
1162 1387 3
1162 1494 10
1162 1623 4
1162 1807 5
1162 2097 10
1163 1338 8
1163 1628 10
1163 1769 2
1163 1940 5
1164 1205 9
1164 1239 5
1164 1543 3
1164 1685 5
1164 1767 9
1164 1792 4
1164 1796 3
1164 1811 10
1164 1897 3
1165 1355 8
1165 1443 6
1165 1737 9
1165 1889 4
1165 2082 10
1166 1274 10
1166 1446 2
1166 1453 4
1166 1680 7
1166 1729 2
1166 1730 5
1166 1786 3
1166 1911 3
1166 1940 2
1166 1947 2
1167 1175 3
1167 1403 9
1167 1665 2
1167 1807 8
1167 1825 3
1167 1979 5
1167 2031 7
1167 2088 6
1169 1300 5
1169 1323 2
1169 1475 7
1169 1639 2
1169 2015 3
1170 1397 8
1171 1548 3
1171 2015 3
1172 2078 2
1174 1205 10
1174 1377 7
1174 1536 10
1174 1707 3
1175 1231 3
1175 1233 5
1175 1268 8
1175 1284 6
1175 1385 10
1175 1406 4
1175 1420 6
1175 1472 8
1175 1506 8
1175 1570 2
1175 1591 3
1175 1638 4
1175 1645 9
1175 1654 7
1175 1676 2
1175 1743 10
1175 1759 10
1175 1814 8
1175 1820 5
1175 1874 10
1175 1876 9
1175 1962 6
1175 2017 6
1175 2023 10
1175 2031 2
1175 2076 7
1175 2088 2
1175 2107 4
1179 1686 3
1180 1488 6
1181 1683 5
1182 1282 5
1182 1450 9
1182 2010 5
1183 1804 10
1183 1816 6
1184 1355 6
1184 1443 3
1184 1737 9
1184 1754 7
1184 1889 3
1184 1961 4
1184 2044 5
1184 2082 4
1186 1228 7
1187 1479 10
1188 1200 2
1190 1352 9
1190 1521 8
1190 2018 3
1191 1348 5
1191 1436 8
1191 1818 5
1193 1957 5
1195 1229 5
1195 1287 6
1195 1300 3
1195 1323 7
1195 1375 8
1195 1385 5
1195 1450 2
1195 1472 5
1195 1475 6
1195 1499 7
1195 1539 4
1195 1562 4
1195 1570 5
1195 1598 10
1195 1639 5
1195 1645 4
1195 1689 4
1195 1825 5
1195 1965 9
1195 2007 10
1195 2015 3
1195 2025 3
1195 2080 4
1195 2088 7
1196 1244 9
1196 1464 4
1196 1474 8
1196 1512 2
1196 1670 4
1196 1779 5
1196 1949 7
1197 1488 8
1197 1536 5
1197 1744 8
1197 1790 9
1197 2090 10
1197 2102 2
1198 1446 2
1199 1806 3
1202 1430 7
1202 1729 8
1203 1469 2
1204 1795 5
1204 1909 10
1204 1957 7
1205 1289 5
1205 1534 8
1205 1543 9
1205 1546 8
1205 1718 2
1205 1774 2
1205 1785 9
1205 1792 2
1205 1811 3
1205 1823 9
1205 1849 9
1205 1865 10
1205 1897 2
1205 1901 5
1205 1968 10
1205 2096 5
1206 1362 8
1206 1535 6
1207 1892 7
1209 1749 2
1217 1672 2
1218 1263 3
1219 1225 2
1220 1746 4
1221 1543 6
1221 1550 3
1221 1644 10
1222 1448 4
1223 1362 8
1223 1817 8
1224 1387 4
1224 1849 9
1225 1401 7
1225 1527 4
1225 1776 5
1228 1954 4
1229 1300 10
1229 1475 3
1229 1499 9
1229 1639 4
1229 1689 6
1229 2007 10
1229 2015 6
1231 1403 3
1231 1665 9
1231 1807 5
1231 1825 5
1231 1979 9
1231 2031 9
1232 1424 8
1232 1555 7
1232 1578 5
1232 1602 5
1232 1931 8
1232 1980 9
1233 1665 9
1233 1807 10
1233 1979 2
1233 2031 8
1234 1747 2
1235 1236 4
1235 1323 6
1235 1609 4
1235 2092 3
1237 1849 5
1238 1298 9
1239 1879 4
1240 1943 9
1241 1501 2
1244 1257 6
1244 1270 8
1244 1304 7
1244 1448 6
1244 1603 9
1244 1779 3
1244 1889 9
1244 2095 4
1245 1451 6
1245 1622 7
1245 2100 2
1248 1332 2
1248 1513 8
1248 1691 8
1248 1800 9
1249 1598 3
1250 1471 3
1251 1694 8
1252 1273 7
1252 1554 4
1252 1844 3
1252 1848 9
1252 1989 4
1252 2046 9
1252 2063 5
1253 1263 10
1254 1875 3
1257 1355 4
1257 1603 10
1257 2095 4
1258 1448 2
1259 1870 7
1260 1818 3
1261 1553 9
1262 1540 10
1262 1612 10
1262 2108 7
1264 1290 9
1265 1355 8
1267 1354 9
1268 2031 9
1269 1611 7
1271 1947 8
1273 1515 10
1273 1760 2
1273 2082 3
1274 1680 7
1275 1969 5
1276 1359 10
1276 1665 2
1276 1679 9
1276 1870 6
1276 1975 9
1277 1623 8
1278 1849 2
1280 1349 7
1280 1517 7
1280 1706 3
1280 2096 6
1281 1287 9
1281 1375 2
1284 1403 5
1284 1665 9
1284 1807 9
1284 1825 3
1284 1979 5
1284 2031 10
1284 2088 6
1285 1849 4
1286 1503 10
1286 1589 10
1287 1300 7
1287 1375 5
1287 1475 9
1287 1499 5
1287 1639 10
1287 2007 3
1287 2015 4
1288 1856 4
1288 1910 7
1289 1377 3
1289 1480 9
1289 1536 9
1289 1600 6
1289 1707 8
1289 1803 2
1289 1849 6
1289 1856 8
1289 1870 5
1289 1935 9
1289 2046 2
1289 2096 3
1290 1307 4
1290 1329 7
1290 1377 3
1290 1412 10
1290 1567 9
1290 1577 2
1290 1668 9
1290 1809 5
1290 1848 7
1290 2005 4
1290 2027 3
1291 1311 2
1291 1809 8
1291 1954 3
1291 1990 9
1291 2044 5
1291 2096 10
1292 1377 10
1292 1399 2
1292 1567 5
1292 1807 10
1294 1751 2
1295 1688 2
1296 1482 8
1296 1518 9
1296 1777 6
1296 1981 2
1297 1565 6
1297 1869 9
1298 1488 3
1298 1536 3
1298 1870 10
1300 1323 7
1300 1375 8
1300 1399 8
1300 1475 6
1300 1499 4
1300 1539 6
1300 1543 8
1300 1604 10
1300 1639 5
1300 1689 6
1300 1756 3
1300 1767 6
1300 1825 8
1300 1856 9
1300 1910 8
1300 1941 5
1300 1976 10
1300 2006 9
1300 2007 6
1300 2015 2
1300 2025 3
1300 2047 9
1300 2071 8
1300 2080 6
1302 1340 5
1302 1544 2
1302 1708 8
1302 1737 8
1302 1849 3
1302 1870 4
1302 1945 7
1302 2009 4
1302 2094 8
1303 1462 8
1304 1484 2
1304 1659 9
1304 1661 10
1304 1871 3
1305 1501 10
1306 1928 2
1308 1494 3
1308 1517 10
1308 1706 6
1309 1364 4
1309 1377 8
1309 1567 10
1309 1609 5
1309 1694 9
1309 1719 7
1309 1769 4
1309 1807 3
1309 1940 9
1309 2014 3
1310 1432 8
1311 1726 9
1311 1809 9
1311 2044 2
1311 2096 5
1312 1661 9
1313 1610 10
1313 1809 2
1316 1471 4
1317 1426 8
1317 1767 3
1317 1856 4
1317 2061 7
1318 1496 7
1318 1744 3
1319 1493 7
1319 1515 5
1321 1389 6
1322 1543 7
1322 1550 3
1322 1644 5
1323 1475 9
1323 1499 6
1323 1539 2
1323 1563 7
1323 1593 7
1323 1604 2
1323 1639 3
1323 1689 7
1323 1730 4
1323 1825 6
1323 2007 7
1323 2015 8
1323 2080 2
1324 1849 9
1325 1593 4
1325 1627 6
1325 1699 3
1326 1693 10
1327 1355 2
1327 1443 6
1327 1737 10
1327 1889 6
1327 2082 6
1328 1533 2
1328 1709 3
1329 1495 8
1333 1790 4
1333 1970 8
1334 1969 8
1336 1586 7
1338 1940 9
1339 1870 10
1340 1516 3
1340 1737 4
1341 1377 4
1343 1565 4
1343 2032 4
1343 2074 2
1345 1430 4
1345 1807 6
1345 1999 8
1346 1358 9
1346 1401 5
1346 1914 5
1346 2086 4
1346 2105 10
1347 1907 4
1349 1362 7
1349 1517 2
1349 1706 8
1349 1817 9
1349 1882 3
1351 1372 8
1351 1516 7
1352 1596 5
1353 1791 5
1353 2044 2
1353 2050 2
1354 1824 9
1355 1369 6
1355 1443 5
1355 1448 6
1355 1463 9
1355 1464 7
1355 1484 7
1355 1557 7
1355 1571 4
1355 1600 6
1355 1603 10
1355 1660 8
1355 1661 3
1355 1719 8
1355 1737 2
1355 1744 5
1355 1746 8
1355 1754 6
1355 1799 2
1355 1824 9
1355 1826 9
1355 1839 5
1355 1889 4
1355 1935 8
1355 1951 7
1355 1957 3
1355 2034 9
1355 2082 9
1355 2103 9
1357 1907 6
1359 1430 10
1359 1665 10
1359 1807 5
1361 1653 2
1362 1517 10
1362 1600 5
1362 1637 6
1362 1706 4
1362 1817 8
1362 1882 10
1364 1377 10
1364 1567 5
1364 1719 4
1364 1807 10
1364 1873 6
1364 2035 9
1369 1689 6
1370 2090 10
1373 1501 4
1373 1678 4
1373 1689 2
1373 2007 9
1375 1475 4
1375 1499 9
1375 1639 3
1375 2005 3
1375 2007 4
1375 2015 10
1376 1543 5
1376 1792 9
1376 1966 9
1376 1994 9
1377 1399 9
1377 1407 6
1377 1409 7
1377 1442 4
1377 1536 8
1377 1567 3
1377 1650 6
1377 1707 4
1377 1719 10
1377 1769 3
1377 1772 6
1377 1807 6
1377 1823 4
1377 1849 5
1377 1939 9
1377 1996 7
1377 2096 4
1378 1427 6
1378 1716 4
1378 1729 4
1378 1831 2
1378 1932 6
1379 1695 8
1381 1443 10
1381 1516 8
1381 1536 8
1381 1744 6
1381 1760 5
1381 1780 5
1381 1930 4
1381 1945 4
1381 1991 5
1381 2029 5
1382 1848 4
1384 1553 2
1384 1899 2
1385 1403 3
1385 1665 3
1385 1807 8
1385 1825 2
1385 1979 7
1385 2031 3
1387 1404 9
1387 1889 2
1390 1873 5
1391 1800 7
1393 1484 8
1394 1754 5
1395 2006 5
1398 2070 6
1398 2109 3
1399 1442 6
1399 1493 9
1399 1567 10
1399 1650 4
1399 1807 2
1399 1856 2
1399 1889 4
1399 1939 10
1399 1976 9
1399 1996 8
1399 2071 5
1399 2090 9
1401 1665 4
1401 2002 3
1403 1420 5
1403 1472 9
1403 1506 5
1403 1518 5
1403 1570 6
1403 1608 10
1403 1622 9
1403 1643 9
1403 1645 3
1403 1676 6
1403 1743 9
1403 1806 5
1403 1876 3
1403 2017 7
1403 2071 5
1403 2088 7
1403 2107 6
1404 1551 10
1404 1633 8
1404 1838 10
1405 1729 10
1406 1665 4
1406 2031 4
1408 1501 4
1409 1807 2
1410 1621 10
1410 1988 6
1411 1694 3
1412 1622 9
1412 1695 2
1412 1809 4
1416 1721 8
1419 1800 5
1420 1665 6
1420 1807 10
1420 1825 9
1420 1979 2
1420 2031 4
1421 1902 8
1422 2077 9
1424 1444 10
1424 1835 4
1424 1931 6
1426 1556 3
1426 1844 10
1426 1989 3
1426 2058 3
1428 1612 10
1430 1550 2
1430 1556 8
1430 1665 5
1430 1712 9
1430 1729 8
1430 1807 8
1430 2002 3
1430 2070 2
1431 1742 7
1432 2044 5
1433 1484 7
1433 1565 9
1433 1888 10
1435 1535 4
1435 1589 9
1436 1834 7
1436 1883 6
1437 1501 9
1440 2005 5
1442 1567 5
1442 1807 8
1443 1737 7
1443 1746 4
1443 1839 10
1443 1889 7
1443 1945 6
1443 2082 8
1444 1931 7
1446 1453 2
1446 1553 7
1446 1680 4
1446 1724 5
1446 1730 6
1446 1758 5
1446 1769 3
1446 2039 4
1447 2096 9
1447 2109 6
1448 1456 4
1448 1512 4
1448 1583 2
1448 1600 8
1448 1636 3
1448 1779 3
1448 2090 4
1449 1921 9
1449 1939 4
1450 1965 10
1450 2062 9
1452 1800 5
1453 1509 4
1453 1680 2
1453 1730 7
1453 1911 7
1453 1947 5
1453 1964 6
1453 2039 7
1453 2091 8
1454 1870 5
1456 1957 5
1459 1849 10
1462 1556 10
1465 1730 5
1465 1749 3
1469 1629 6
1469 1718 9
1469 1861 2
1469 1943 10
1470 1522 2
1470 2055 10
1472 1645 9
1472 1665 2
1472 1807 5
1472 1825 4
1472 1851 10
1472 1979 7
1472 2031 2
1473 1563 4
1473 1605 6
1473 1709 5
1474 1792 5
1474 2019 2
1475 1499 9
1475 1539 5
1475 1604 5
1475 1639 6
1475 1689 3
1475 1754 4
1475 1756 7
1475 1761 8
1475 1825 10
1475 2007 3
1475 2015 9
1475 2025 5
1475 2044 9
1475 2047 8
1475 2080 9
1476 2069 7
1477 1543 5
1477 1910 5
1478 1517 5
1478 1706 3
1478 2079 3
1479 1944 9
1480 1586 8
1480 1892 7
1481 1535 8
1482 1805 4
1482 1922 2
1482 1943 2
1483 1769 8
1484 1512 6
1484 1661 3
1484 1779 7
1484 1830 3
1484 1888 6
1484 1927 6
1484 2044 7
1484 2061 2
1485 1512 3
1486 1553 8
1486 1769 7
1486 1889 7
1487 2089 3
1490 1907 9
1493 1889 7
1493 1943 6
1493 2071 6
1494 1519 4
1494 1550 2
1494 1665 5
1494 1706 4
1494 1807 3
1494 1891 4
1495 1535 2
1495 1573 2
1495 1618 5
1495 1734 7
1495 1852 3
1495 1967 10
1495 2015 10
1496 1744 7
1498 1557 8
1499 1539 10
1499 1604 3
1499 1639 5
1499 1663 8
1499 1689 6
1499 1756 2
1499 1825 3
1499 2007 3
1499 2015 5
1499 2025 6
1499 2080 5
1501 1545 8
1501 1612 6
1501 1642 8
1501 1713 6
1501 1734 5
1501 1868 3
1501 2041 8
1503 1589 7
1503 1733 2
1503 1768 4
1506 1665 10
1506 1807 6
1506 1825 7
1506 2031 10
1507 1675 3
1508 1954 5
1510 1870 5
1511 2009 6
1512 1888 9
1513 1800 3
1514 2079 7
1515 1836 8
1516 1708 2
1517 1543 3
1517 1575 7
1517 1576 9
1517 1626 5
1517 1706 5
1517 1767 7
1517 1806 8
1517 1817 10
1517 1856 3
1517 1907 2
1517 1941 5
1517 1943 8
1517 2006 2
1517 2008 10
1517 2058 3
1518 1686 3
1520 1540 7
1521 1636 7
1521 1888 2
1521 2018 4
1522 1967 3
1523 2064 10
1526 1954 2
1528 1550 2
1528 1644 2
1529 1940 10
1531 1958 9
1531 2096 3
1532 1659 6
1532 1865 2
1533 1563 6
1533 1709 3
1534 1543 7
1534 1546 4
1534 1811 4
1535 1589 7
1535 1879 3
1535 1967 4
1535 2015 2
1535 2079 8
1535 2102 5
1536 1665 7
1536 1744 2
1536 1823 6
1536 1849 4
1536 1870 6
1536 1945 5
1536 2059 8
1536 2071 8
1536 2096 5
1539 1639 10
1539 1689 4
1539 1963 4
1539 2007 7
1539 2015 8
1540 1607 5
1540 1977 2
1541 1809 6
1543 1546 4
1543 1653 10
1543 1665 9
1543 1685 5
1543 1712 4
1543 1792 6
1543 1796 7
1543 1811 5
1543 1897 4
1543 1968 4
1543 2093 2
1544 1568 4
1544 1737 4
1544 1816 4
1546 1811 9
1547 1758 7
1549 1988 3
1550 1644 5
1550 1794 10
1550 1952 6
1552 1567 4
1553 1594 5
1553 1784 9
1553 1972 5
1553 2052 2
1553 2080 5
1553 2101 10
1554 1844 9
1557 1737 5
1557 1889 7
1557 1951 8
1557 2082 6
1558 2009 5
1559 1888 7
1559 2044 3
1560 1783 3
1561 1926 3
1562 1639 5
1562 2080 9
1563 1593 6
1563 1609 6
1563 1709 4
1565 1806 9
1567 1622 3
1567 1650 10
1567 1719 7
1567 1760 5
1567 1769 7
1567 1807 6
1567 1809 8
1567 1848 10
1567 1939 5
1567 1996 9
1567 2082 8
1570 1665 5
1570 1807 4
1570 1825 3
1570 1979 6
1570 2031 5
1571 1737 9
1571 1889 9
1571 1951 7
1571 2082 10
1576 1706 9
1576 1767 5
1576 1943 8
1577 2034 6
1578 1811 4
1578 2005 5
1579 1849 7
1581 1600 7
1581 1754 4
1585 1809 4
1586 1600 2
1586 1892 8
1586 1975 2
1586 2046 4
1587 1800 3
1588 1726 9
1589 1733 7
1589 1744 8
1589 1768 6
1589 1967 9
1591 2031 4
1592 1901 8
1592 2096 3
1593 1609 10
1594 2052 4
1595 1934 8
1596 1659 7
1600 1856 5
1600 1935 6
1600 1957 6
1603 1659 8
1603 2095 2
1604 1639 5
1604 2007 10
1604 2015 2
1604 2025 9
1606 1988 6
1609 1730 5
1612 1977 9
1612 2108 2
1614 1806 9
1616 1737 6
1616 1927 9
1617 1816 8
1617 1849 10
1620 1918 3
1621 1693 6
1622 1760 7
1622 1809 2
1622 1848 3
1622 1976 5
1622 2046 10
1622 2082 3
1623 1631 4
1625 2061 10
1625 2071 3
1626 1706 9
1632 2044 2
1634 2044 10
1636 2079 6
1638 1645 3
1639 1663 3
1639 1689 6
1639 1752 10
1639 1756 7
1639 1761 7
1639 1798 10
1639 1825 2
1639 2007 2
1639 2015 7
1639 2025 2
1639 2047 5
1639 2080 5
1641 1801 8
1642 1692 6
1642 1948 2
1643 2031 3
1644 1794 10
1644 1952 5
1645 1665 9
1645 1807 3
1645 1825 10
1645 1876 4
1645 1979 2
1645 2031 7
1645 2088 4
1646 1967 2
1648 1726 3
1650 1807 8
1651 1844 9
1653 1665 2
1653 1706 9
1653 1865 3
1653 1918 2
1654 2031 5
1656 1809 4
1657 2090 10
1659 1677 9
1659 1744 2
1659 2044 4
1660 1737 5
1660 1889 4
1660 1951 7
1660 2082 8
1661 1779 5
1661 1858 5
1661 1888 2
1662 2041 2
1663 1825 10
1664 1729 8
1665 1676 2
1665 1743 3
1665 1807 2
1665 1814 7
1665 1820 9
1665 1876 8
1665 1962 7
1665 2017 2
1665 2031 3
1665 2071 6
1665 2076 2
1665 2088 10
1665 2107 9
1667 1945 4
1668 2002 10
1668 2005 4
1669 1969 9
1670 1753 4
1670 1779 8
1670 1809 4
1670 1917 4
1670 2006 9
1670 2024 6
1673 1926 5
1674 2044 2
1675 1727 3
1676 1807 7
1676 1979 3
1676 2031 5
1679 1806 3
1679 1891 10
1680 1730 9
1684 1875 8
1685 1764 7
1685 1792 2
1687 2028 5
1689 2007 4
1689 2015 6
1690 1730 6
1694 2030 7
1697 1806 7
1697 1969 2
1702 1749 4
1703 2089 6
1704 1800 10
1706 1718 5
1706 1817 6
1706 1856 6
1706 1941 4
1706 2006 7
1706 2008 4
1706 2058 8
1709 1766 5
1709 1845 4
1710 2089 5
1712 1807 3
1718 1785 3
1719 1731 8
1719 1807 3
1719 1824 9
1720 1920 9
1723 1730 8
1726 1809 7
1726 2012 5
1726 2044 3
1726 2096 4
1728 1748 5
1728 2072 10
1730 1878 4
1730 1911 10
1730 1947 4
1732 1833 5
1737 1746 4
1737 1799 2
1737 1826 9
1737 1839 2
1737 1889 4
1737 1951 5
1737 2040 8
1737 2082 9
1743 1807 3
1743 1825 9
1743 1979 10
1743 2031 7
1744 1754 7
1744 1824 2
1744 1888 4
1744 1935 10
1744 2071 8
1746 1889 3
1746 1951 6
1746 2082 10
1748 2072 9
1749 1763 10
1749 1904 6
1749 1974 5
1750 1779 3
1754 1824 10
1754 1830 10
1756 2007 2
1756 2015 7
1757 1897 6
1760 1809 10
1760 1848 2
1760 1912 4
1760 2082 2
1763 1794 9
1764 1796 4
1765 1829 5
1767 1943 7
1767 2006 8
1769 1807 9
1770 1849 2
1773 2070 7
1774 1792 4
1779 1949 10
1783 2044 7
1788 1804 8
1788 1816 5
1791 1815 9
1792 1796 2
1792 1811 8
1792 1897 5
1792 2019 6
1793 1949 5
1795 1909 10
1795 1957 3
1795 2112 5
1799 1889 8
1799 1951 6
1799 2082 6
1800 1827 5
1800 1867 4
1800 1886 9
1800 1936 7
1802 1807 7
1803 1856 10
1803 1935 5
1803 2046 3
1804 1816 4
1804 2071 2
1806 1856 8
1806 1891 2
1806 1969 7
1806 2071 2
1807 1876 4
1807 1939 2
1807 1954 9
1807 1996 3
1807 2017 9
1807 2031 7
1807 2072 5
1807 2076 8
1807 2084 10
1807 2088 9
1807 2107 4
1809 1848 10
1809 1966 7
1809 1985 5
1809 2027 5
1809 2044 6
1809 2082 4
1809 2096 7
1811 1897 8
1811 1968 3
1813 2001 3
1814 1979 3
1814 2031 9
1816 1843 9
1816 1991 5
1817 1853 10
1817 1882 4
1820 1979 2
1820 2031 6
1821 1907 6
1822 1954 7
1823 1849 4
1823 1855 10
1823 1907 7
1823 2096 5
1824 1957 10
1824 2071 8
1825 2007 4
1825 2015 10
1825 2031 7
1825 2088 5
1826 1889 8
1826 1906 3
1826 2082 5
1835 1931 9
1839 1889 9
1839 2082 10
1844 1989 3
1844 2063 9
1845 1864 9
1845 1926 10
1847 2082 7
1848 1849 4
1848 1912 3
1848 2027 3
1848 2046 9
1848 2082 5
1849 1865 6
1849 1870 10
1849 1992 2
1849 2096 10
1849 2099 10
1856 1907 5
1856 1935 10
1856 2044 2
1856 2046 2
1859 1983 9
1861 1907 4
1865 2096 9
1872 1945 4
1874 2031 4
1874 2088 4
1876 1979 10
1876 2031 5
1877 1881 2
1877 1976 8
1877 2026 2
1881 1976 7
1882 2027 2
1884 1986 10
1884 2093 2
1889 1919 7
1889 1941 4
1889 1951 4
1889 1976 3
1889 1986 10
1889 2006 5
1889 2061 6
1889 2071 10
1889 2082 5
1890 2053 7
1891 1987 10
1891 2036 7
1900 2044 4
1901 1929 4
1901 2096 6
1902 1907 10
1907 1943 10
1910 1941 3
1912 1920 4
1912 1969 6
1912 2046 5
1912 2082 5
1915 2057 8
1917 2007 3
1931 1980 9
1933 2006 2
1935 2044 4
1935 2046 6
1937 1970 2
1943 1976 7
1943 2002 5
1943 2005 3
1943 2006 6
1943 2075 5
1943 2079 6
1943 2106 5
1945 2059 4
1946 1955 4
1949 2081 7
1951 2082 8
1953 2100 4
1954 2077 2
1958 2096 5
1962 2031 2
1973 2041 9
1976 2006 2
1976 2090 7
1977 2108 3
1979 2017 3
1979 2031 4
1979 2107 5
1986 2008 4
1986 2093 7
1989 2058 9
1993 2061 2
1996 2099 10
2003 2035 6
2006 2024 10
2006 2071 4
2007 2015 4
2007 2025 3
2007 2080 5
2015 2025 2
2015 2047 3
2015 2080 9
2016 2071 9
2017 2031 2
2022 2041 5
2023 2031 5
2027 2046 9
2027 2082 4
2031 2076 2
2031 2088 7
2031 2107 2
2044 2096 9
2052 2101 8
2059 2071 3
2096 2109 2
